index,0,1,2,3,4
0,0.08174744879202735,0.6084618500723932,0.08767033727540746,0.21725383389309788,0.0048665299670680884
1,0.043759422688144665,0.9274161144975184,0.005368716775849819,0.017153618123193666,0.006302127915293803
2,0.9670300647727724,0.0044101701335739815,0.0016002376275287531,0.006644438146949952,0.020315089319176572
3,0.006224177212761717,5.882358564587282e-06,0.9734439249898469,0.00029738643716250245,0.020028629001672564
4,0.786706687960338,0.06328895825770053,0.07690787437209277,0.06571521644746703,0.007381262962401608
5,0.03906298237437355,0.0009457888783838247,0.031733361839626835,0.9197508822935297,0.008506984614084875
6,0.24696742499679725,0.0008640432633873563,0.24145922874897127,0.4638011333402329,0.04690816965060708
7,0.840708124767223,0.04153308383482627,0.054131297246289484,0.055207806601763984,0.008419687549893288
8,0.8971744052805571,0.003046808877607529,0.09702752999528273,0.0018628801628746547,0.0008883756836772475
9,0.3112717013970524,0.4454746436545151,0.02275659194101222,0.21180991827979118,0.008687144727621884
10,0.04347097587242264,0.0003222085389845718,0.005820731485206942,0.9453388703550857,0.005047213748304472
11,0.03592458450071714,0.009538623534513534,0.014633666081974722,0.0009463773167626638,0.9389567485660263
12,0.0001464055323812639,0.9998357194863687,1.4124901823364264e-06,1.6244200256046404e-05,2.1829080556879497e-07
13,0.03862824395642433,0.13821334433055624,0.8087287754164759,0.0027172393812075514,0.011712396915340017
14,7.748861589980311e-05,5.467951028952295e-05,0.9996147334076583,1.3673825000703743e-05,0.00023942464114917264
15,0.2628423175167732,0.0005009553407110666,0.007332890640820785,0.6942029775437432,0.035120858957957614
16,0.3374760820174654,0.0019259155751924415,0.532653001409296,0.10823946047469643,0.019705540523352303
17,0.0002466682222507904,2.5387410391593575e-05,0.657304710407626,8.080960351266324e-05,0.342342424356226
18,0.003870201341414421,0.0012901346038759142,0.003918965567804421,0.9907170910889274,0.0002036073979812714
19,0.02061780716026132,0.3667160853998283,0.14427860883309576,0.10671487220456359,0.3616726264022443
20,0.005394698622351085,0.00026076828372659775,0.9560078340103785,0.003127759685650998,0.035208939397886885
21,5.917706893253469e-05,0.9998621314474405,5.106941624870356e-06,6.703700437757736e-05,6.547537626757648e-06
22,0.6097945443488132,0.00012172488433359393,0.016853886396800973,2.9232004171076913e-05,0.3732006123658673
23,0.10737729601735488,0.1951230085508529,0.08967644313709754,0.49757607888247357,0.11024717341221593
24,0.037455047255438176,2.0349986956349774e-05,0.03169175807040452,0.9255517524420434,0.005281092245158205
25,0.13944189606028165,0.0005740082301301923,0.007549654784033542,0.8508545040473265,0.0015799368782335934
26,0.00014806611498375944,0.00040979963011236395,0.0011518757590255637,0.9982272264637133,6.303203216761533e-05
27,0.001512938778830853,0.01319686390238731,0.9808928562409306,0.0002580480430227119,0.004139293034834825
28,0.9916325809309707,5.963634386419719e-05,0.0008021394607944467,0.00014965128078881407,0.007355991983587508
29,0.6232568868192502,0.06530262503425394,0.2677782971335724,0.03430939136414987,0.009352799648768548
30,0.0018229677946813626,0.00019029339496199571,0.0007648038725041505,0.9969918135576185,0.00023012138023704323
31,0.050673187958964035,0.13462741323101982,0.7308199192595338,0.06304864029077788,0.020830839259707367
32,0.0031370014270683867,1.4929640257258558e-05,0.0004482192755580875,0.9963566110837592,4.32385733446841e-05
33,0.9799139813517072,0.00025080778578251883,0.0015242467958604645,0.0014352181960505183,0.01687574587060418
34,0.1601630572234745,0.016593125251814674,0.04803908252453349,0.7684319880734239,0.006772746926760272
35,0.001495795022235271,0.9980830089405293,1.973994669383179e-05,0.00039228705624237464,9.169034300740211e-06
36,4.2133405884923366e-05,9.03124074445762e-05,9.294620946013309e-05,0.999753996201214,2.061177600130552e-05
37,0.013761114106657214,0.0173742518214151,0.12367971534157944,0.05499712716150866,0.7901877915688402
38,0.00023673741380913558,1.2551545068044808e-06,0.001714214010385985,2.0406011397823704e-06,0.9980457528201696
39,0.07356118670303793,0.0035474271688170503,0.04484352855696301,0.4761384715073848,0.4019093860637949
40,0.060349266067158576,0.12264748782144234,0.5097860088400662,0.16825189470339516,0.1389653425679349
41,0.03396050926244196,0.9023617406832626,0.013269983477794118,0.0465384349115565,0.0038693316649425396
42,6.126055055911123e-05,6.489109265657963e-06,0.9933755992159151,1.1740897192463643e-05,0.006544910227071344
43,0.22496484779671821,0.6433151669643694,0.033911096296704954,0.06995732087584551,0.0278515680663619
44,0.03866890456960871,0.898811108662625,0.0007774525213639081,0.048288256919339946,0.013454277327065285
45,0.002523973868299347,0.0006330380331335653,0.9836969967445667,0.0008237522204849637,0.012322239133518115
46,0.9797719206740894,0.0002876727296719842,0.012366452724937974,0.004848747643139619,0.0027252062281635722
47,0.0023554926146702976,0.004138966755819532,0.011254068642265858,0.9816905318911169,0.0005609400961294542
48,1.0405714758762389e-06,0.9999888697877385,7.323462750352585e-06,2.45558966454907e-07,2.520619069155296e-06
49,0.0015787526182069159,0.0050311532662599655,0.004634171849399063,0.9862256365086131,0.0025302857575276202
50,0.000834122317422635,6.586224690569172e-05,0.05614806488409456,0.00022071848327772785,0.9427312320682946
51,0.08298812881238012,0.1187214437869587,0.25695600033077515,0.0330189278677279,0.5083154992021524
52,0.013325160707841769,4.264269402156799e-06,0.05319869893045399,0.0007688347560081537,0.9327030413363003
53,0.23946176480089684,0.0009470237353529941,0.1688179576025426,0.021641061110181097,0.5691321927510319
54,0.0164519713509807,0.007217598105883935,0.13763943055698588,0.031695934850453286,0.8069950651356953
55,0.00012513899759914834,0.999868522226487,3.885186469635663e-06,1.206583405775932e-06,1.2470060404634693e-06
56,0.0030529262402473408,0.0009460953188317767,0.0010612067633037838,0.9921838076280757,0.002755964049534587
57,0.047969042343538125,0.00017838223819994793,0.04314438116181989,0.042536089992427896,0.8661721042640089
58,0.08698449046971285,0.0054490573451111265,0.060355243246844374,0.2756037955845788,0.5716074133537576
59,0.018348768217913494,5.856914015694559e-05,0.9738216339258006,0.00018207375213887022,0.007588954963995381
60,0.006910781422836018,0.9930409110371226,2.6014483736730507e-05,2.1282822510334114e-05,1.0102338020813225e-06
61,0.04798340374674317,0.6041292344292969,0.031491134162493765,0.30351295965551783,0.012883268005953493
62,0.012604127841520226,0.0008645809005024078,0.002275610319538487,0.9795400822560262,0.004715598682407285
63,0.00921518056267912,0.002310576275164018,0.9756640694692714,0.010657813170928286,0.002152360521952034
64,0.0021436060931746977,0.9964668307691495,0.0007077040925099124,0.0006484875575780936,3.337148758600214e-05
65,0.012254717250709781,0.0010118764571007237,0.8650411261146587,0.022279657232395285,0.09941262294513652
66,0.001958684593395216,0.00010125533748465607,0.0011043215047798025,0.0001217949958717349,0.9967139435684634
67,0.013809765649739935,0.0009206480639461492,0.8762705869349883,0.06845574521302492,0.040543254138300934
68,0.9124847153426445,0.05049029965741838,0.008095869348216198,0.027723359512254818,0.001205756139469192
69,0.0014115648460548158,4.029773076524141e-05,0.00019775770526016397,0.9982390193936994,0.00011136032422498459
70,2.5259452994351695e-05,1.9233258156677578e-05,2.350816984542726e-05,0.9999261052289159,5.893890100385976e-06
71,0.0026973708785429044,0.0003213306511629845,0.8576666613891408,0.0006928822406649182,0.13862175484048755
72,0.0009479112228329489,4.3308551886857326e-05,9.81720583575877e-05,0.9989021884948218,8.419672087755022e-06
73,0.00305293475304749,0.0023299086343180593,0.9670497128864327,0.024290893155357134,0.0032765505708382383
74,0.00015109272206131557,0.9998138593373598,5.980030372905534e-06,2.3994508187099445e-05,5.073402025223706e-06
75,0.0009970705353551687,0.0005980012469154695,0.00026859769485118704,0.9977583637922621,0.00037796673062419177
76,0.024182566246137672,0.0035417602762830343,0.01335273697139255,0.028172444001947624,0.9307504925042497
77,0.9774045581415742,0.0025347240096274216,0.0031454994782436673,0.016087937721236362,0.0008272806493235405
78,0.027268638880314604,0.01893821931582071,0.1118970332694747,0.038003343154886536,0.8038927653795175
79,0.08135754229078004,0.8315419883755657,0.012785257463731338,0.029204846341770296,0.04511036552814714
80,0.002244655641355136,0.994784791390927,0.0007376000595028071,0.002084038009303912,0.00014891489891124204
81,0.002425391477059606,0.0008884542988292494,0.0880752851892178,0.001506032998231078,0.9071048360366556
82,0.09339910589567821,0.01743919404098609,0.7699484237619626,0.08220813671717969,0.037005139584192895
83,0.004300158220119882,0.06716183950918546,0.007922478478223985,0.9191120851681555,0.0015034386243205956
84,7.339931204717566e-05,2.605114122305513e-05,0.9993905067800836,0.0002118875223125283,0.00029815524433783955
85,0.004174343611952911,0.9925122315561851,0.00010985340905158725,0.0025940333035371663,0.0006095381192702853
86,0.07289493583661698,0.001118947802115598,0.024196931608397563,0.900030885644409,0.0017582991084591426
87,0.00021924641700714098,3.050597563397912e-05,0.9932161204766384,0.0003731229847329982,0.006161004145999573
88,0.048572643794622276,0.02131827611745731,0.8729116756612213,0.056847036367656326,0.00035036805905464853
89,0.0028500644144342675,0.0219240734553803,0.0025236027044690736,0.9726154326639057,8.682676181371487e-05
90,0.17361092617933288,0.004014343341765448,0.004339512402750912,0.8153103536019362,0.00272486447422019
91,0.04888271901647113,0.7672839039667783,0.15071067936667254,0.002891691669023425,0.030231005981056307
92,0.1475654731125113,0.0015611559645401713,0.008960928745206088,0.8414119225065818,0.0005005196711638052
93,0.002199887918047088,0.0001292715220065649,0.0001433651740230387,0.9974529189228973,7.455646302737497e-05
94,0.005064895457824076,0.0008468149523289559,0.013300545250871586,0.9789775295121692,0.0018102148268003347
95,0.8547642986849155,0.001758834169704922,0.001009971767085507,0.14017125726930094,0.0022956381089951046
96,5.322114470935753e-05,1.6893744726596203e-05,2.5308881542765643e-05,0.9999022152624633,2.360966547063977e-06
97,0.43782912009128333,0.002422529351471663,0.04289419618407907,0.5112099612840614,0.005644193089111151
98,0.009762104205187343,8.876260164037581e-05,0.03476587841268894,0.013604788317875387,0.941778466462615
99,0.0002032979127164152,0.00018649977378055104,0.0004444164790922895,0.9989969022426628,0.00016888359174797795
100,0.01304977239518557,0.0010523997382412033,0.9297360253021023,0.05312199577133343,0.0030398067931312347
101,0.9520770093890756,0.03607939323943625,0.005548819116348832,0.0033877035108281573,0.0029070747443157466
102,0.001297802453620282,2.8407664396138655e-05,0.0002887530144608723,0.9982661346736228,0.00011890219390404677
103,0.005351856798413868,0.0011741198503705493,0.9917783022312935,0.0007795713925856029,0.000916149727332505
104,0.8532118086692446,2.9089097394919754e-05,0.06015269385945648,0.0021634211777261593,0.08444298719618151
105,0.0019308222578486968,0.9963204832257189,0.0004077205148611483,0.0013316313751008306,9.342626473903206e-06
106,0.10694956134513461,0.8167833542033773,0.02859975698025938,0.04129609116483131,0.0063712363063952145
107,0.0035632984319680467,0.010400014597946419,0.981556932677335,0.003158429499817084,0.0013213247929337326
108,0.0017293793983048538,0.9981242556003438,1.3535234831371315e-05,0.00012796596525416242,4.863801265047595e-06
109,0.008677967899418576,0.053534151281710754,0.6989513357623172,0.22455838507621453,0.014278159980344455
110,0.7105849115372478,0.005820105473325725,0.20308901822864195,0.07523365973073566,0.005272305030062671
111,0.021761514999088852,2.592389051269731e-06,0.0019959337259817926,0.9759968042989701,0.00024315458691114217
112,0.005998246168578654,0.005007822255723287,0.0011906923157938112,0.9877380308159905,6.520844390690397e-05
113,0.056854059663153524,0.000163764583462518,0.9358586254481999,0.0016901955134927457,0.0054333547916936495
114,0.001680615921346019,0.00019099104151493234,0.00032172058120485156,0.997573791301396,0.00023288115453269021
115,0.09260578581492551,0.12207034152710063,0.3199757382816792,0.10966783590549681,0.3556802984707964
116,0.015978285379013246,0.0011091420578252002,0.17072164542599114,0.004254671461779934,0.8079362556753951
117,0.985898724905002,0.0005187495115439146,0.008856754442279697,0.0005961914368114611,0.004129579704368127
118,2.1980783770792238e-05,4.1419474729648025e-08,1.1692440771272657e-06,0.9999733216657822,3.486886882596481e-06
119,0.012010787170840429,0.9803943528699699,0.007260357799198543,0.00013813958686310478,0.00019636257312796588
120,0.008362538957496595,0.009897806631441977,0.0105467595578907,0.007305022390215814,0.9638878724629504
121,0.0008672148320550477,5.682184425499933e-06,0.0002790441841413615,0.9988423321181714,5.726681214574785e-06
122,0.5108242191647372,0.39541815829981414,0.085409604083116,0.0006155935406674752,0.0077324249116645675
123,0.5250767450547634,0.07313155983092119,0.1283392093457975,0.01992146616872326,0.25353101959979846
124,0.0007820355607101102,0.9975100201645035,0.0011893283726869819,0.00042672953675768863,9.188636534613997e-05
125,0.0016954226202256176,0.00012377535595629437,0.9979809995462087,8.36279327495667e-05,0.00011617454484842915
126,7.197443926859219e-05,0.9999004383275742,5.494017162171087e-07,2.5847810900232262e-05,1.1900205448043027e-06
127,0.9491907711567328,0.0012684230510724799,0.005910890887812518,0.0029749691751494783,0.04065494572922708
128,0.003346521298605723,0.0004028082139905024,0.0104346155815106,0.0026271849515961286,0.9831888699543023
129,0.001156202880672971,2.9990345767094622e-05,0.002890278811771965,4.271131314565246e-06,0.9959192568304709
130,0.005406584310637804,0.0020853468410237616,0.9635633271820702,0.02370349472510545,0.0052412469411677685
131,0.00983858065295078,0.001557174654711715,0.0019158808620954554,0.977039808006655,0.009648555823593209
132,0.03224780314619573,0.044048992067319305,0.003466310214317166,0.9140898058735387,0.006147088698634095
133,0.9904044352762352,0.0014468980733657268,0.0022464048929290337,0.004831466720012777,0.001070795037453004
134,0.34590583184470725,0.04589175702206176,0.35807213414817773,0.2013411721095408,0.04878910487550941
135,0.15475463772136389,0.004153704429393275,0.7023848104089387,0.0668510511494923,0.0718557962908155
136,0.8721294760363423,0.010344217731259965,0.07975573706089366,0.004860270106428265,0.032910299065073416
137,0.0006954381709165116,3.186799778693809e-05,0.0011914600528886577,0.9978972148331507,0.00018401894525653837
138,0.8037653502237578,0.030496665515770238,0.09126104805762338,0.05487293012607151,0.01960400607677558
139,0.01057415439752656,0.0006745756165428621,0.0009764462237299231,0.9871943877089518,0.0005804360532497394
140,0.14925135916900545,0.021321929248190107,0.019338004854568658,0.0063247325477816425,0.8037639741804498
141,0.1566490936130643,0.18911488776575305,0.01754665724132582,0.16404061542270734,0.4726487459571535
142,0.0004434447568448436,5.007959570958536e-07,0.9866835939970701,4.7136759681744155e-06,0.012867746774152455
143,1.03598827551522e-05,0.9999821267008422,1.168039554773422e-06,4.5924248159467476e-06,1.7529520347362328e-06
144,0.9689509952924218,6.9368441411847e-06,0.021249798804275577,0.008870126668775718,0.0009221423903829428
145,0.2915533743855787,0.02753954855884825,0.014249810010435054,0.03475937779018975,0.6318978892549427
146,0.011232566084242385,1.1101768275287123e-05,0.00019808549283703371,0.9866082300231485,0.0019500166314979912
147,0.048118190243724004,0.004083336638945721,0.35371395005691164,0.29182080910921343,0.30226371395120916
148,0.01007122779854409,3.278445469230369e-05,0.0002882480707548769,0.988965841187609,0.0006418984883996476
149,0.0018687328180442971,0.0005659774510728823,0.00035701989777571616,0.9967995600625403,0.00040870977057260854
150,0.25386661142914335,0.000480789444553684,0.07985419691088876,0.6619458976948686,0.003852504520552176
151,0.00210938223574688,0.00032257679835822126,0.0027926980840044364,0.989282036377158,0.005493306504730041
152,0.0043249241233231026,0.893795392567455,0.07308780136518424,0.0030623980369573994,0.02572948390708699
153,0.00891325073801573,0.0034724495659330216,0.012433016927811827,0.9738868607359064,0.0012944220323342609
154,0.019570786516686995,0.003953423790762658,0.8364168275471469,0.1373248439299942,0.0027341182154079703
155,0.976327021514967,0.011601355646694829,0.005881283488372098,0.004758171746696604,0.001432167603270234
156,0.000554703143596569,0.9991856756865289,6.91125853951156e-06,0.0002457641809224909,6.945730412625361e-06
157,0.8035555414184055,0.008328873808335868,0.003092237027559822,0.10138118095253013,0.08364216679316272
158,0.06672105439074655,0.5908787411339773,0.10129818634715214,0.1711237538789355,0.06997826424918913
159,0.0007870127775092299,0.9987515152025696,6.462889488579529e-05,0.00032413909723083193,7.27040278062913e-05
160,0.5295964457806225,0.007718459059874772,0.11429502685646035,0.11654036261277442,0.23184970569027155
161,0.03210905367540779,0.9650053894129375,0.002300004482501943,0.0003065468272423385,0.00027900560192218563
162,0.2672825682566461,0.1423869312996197,0.17503706075858394,0.10914309693598177,0.3061503427491563
163,0.28972483799988524,0.00637964203793302,0.15324609572476483,0.12483513907026275,0.42581428516715947
164,0.06631867814429783,0.8949404521655235,0.02019975944603353,0.015506284872904222,0.003034825371238626
165,0.0012009892812131437,0.9980324218491742,1.6977175571814144e-05,0.0007254925058446716,2.4119188191215484e-05
166,0.01700773502378594,0.0002755523224638526,0.03508380599533691,0.0014600752869212523,0.9461728313714928
167,0.04046973520176531,0.0006064281459121094,0.9361977546247084,0.0027094175630199557,0.02001666446458947
168,0.4722343744291047,0.1652314703801251,0.009462906557108698,0.3434848387013065,0.009586409932349696
169,0.13841646471507216,0.013950214947086622,0.012740603646914995,0.002094192710243419,0.8327985239806698
170,0.1409412504852023,0.5686810733929573,0.2570304096378143,0.03185144367188863,0.0014958228121376759
171,0.21046546554066428,0.2863032587206944,0.03053186011607608,0.3919742960252666,0.08072511959729398
172,0.058873783983051674,0.9041152139828271,0.016605321168635,0.019593905694461528,0.0008117751710277724
173,0.000844980424180834,0.9980942214011687,0.00016600187887888028,0.0006678709712923931,0.0002269253244854475
174,0.0034581912106621377,1.1231014539991562e-05,0.006613516976380705,0.00279185802140067,0.9871252027770205
175,0.08765511730734826,0.0007857206842268629,0.13385028363183915,0.7569056915627507,0.0208031868138374
176,0.0014882802830866535,0.0009671849605981282,0.004173407904461856,0.0007752365178391789,0.9925958903340136
177,0.0007223908015508466,0.9971741816658896,0.00046483425361591095,0.001441892641026498,0.0001967006379112612
178,6.509896307609006e-06,0.00011236501183986444,2.9437382499927808e-05,0.9998329223375497,1.876537181638146e-05
179,0.003001311164723682,0.002076200244421826,0.0005288884468248389,0.0014592319999236943,0.9929343681441019
180,0.11056257277665812,0.0012748290170610937,0.15672780021415034,0.20770651861184353,0.5237282793802843
181,0.002967043000154774,0.9845751796583817,0.006578844154768219,0.004365590092941659,0.0015133430937552073
182,0.19726081890228178,0.08397246114386213,0.4966832457680368,0.20150831662557234,0.020575157560240392
183,0.8500862992353497,0.015147165273017838,0.006215370685088767,0.1275900486215898,0.0009611161849572304
184,0.08584635482844294,0.899446601739374,0.004798866859186942,0.007550299912456756,0.002357876660539413
185,0.9950038819092302,0.0024955619347006124,0.0016799991876952725,0.0004414437708733635,0.0003791131975109529
186,0.0004970779880193089,4.512491371446575e-05,1.1120551692405025e-06,0.9994559770611416,7.079819433884e-07
187,0.6333944261630516,0.034217981244931486,0.21905820063664172,0.10926373258458726,0.00406565937078541
188,0.1532478753883821,0.8176322624703222,0.015869890283689972,0.010180916799383209,0.0030690550582292662
189,0.007628325828093246,4.807656708729859e-05,0.9556925848690138,0.01842735127083669,0.0182036614649747
190,0.0012364374890441769,0.020871528241451352,4.4332858299709166e-05,0.9778416016109774,6.099800231274314e-06
191,0.0001862100405862412,0.999715820458851,2.7273164785625427e-05,6.228143179582755e-05,8.414903985558462e-06
192,0.0016393470482548283,0.00010407463786942336,0.0006389557177855865,0.0022099154058014664,0.9954077071902896
193,0.4718174149649836,0.012406243688544916,0.01383085635611265,0.456057872160866,0.045887612829499755
194,0.0007750472667870893,0.997973274432767,8.346504940641008e-05,0.0011160859520107124,5.2127299029126585e-05
195,0.00011308771109684068,2.30432534883521e-05,0.00011693158141943515,0.9997255203633707,2.141709062906524e-05
196,0.07368004702223112,0.7568287759359775,0.06489094930443833,0.08085740278875896,0.02374282494858785
197,0.015002771742822467,0.011326858269950509,0.9157767772898813,0.049751862747788866,0.00814172994956222
198,0.004111594046003906,7.86020673095532e-05,0.0015448919322722683,0.9934436448845705,0.0008212670698479984
199,0.23658606299616752,0.032250923751063136,0.5947176036167884,0.044841223544734986,0.09160418609125011
200,0.969560430064583,0.016012426812745527,0.0022797050698090396,0.005658373187546583,0.006489064865314761
201,0.6620033176578589,0.022947033531335072,0.04203666754747617,0.014224168481611303,0.25878881278172583
202,0.0020344064217294056,0.9976655206123338,2.0436243235471043e-05,0.00025100998150956894,2.8626741194376806e-05
203,0.00012663370091472182,0.9998631188527772,1.0239735480651428e-06,9.151501789163917e-06,7.197098413107001e-08
204,0.001172740906531318,2.5605724271867425e-05,0.001186192271878533,0.9975806116764452,3.484942087658437e-05
205,0.8930232870220501,0.03689146689802149,0.049393044348964736,0.00323777403135626,0.017454427699603346
206,0.00039720388707763585,0.00010533785146946979,4.123057150293426e-05,0.9994511430471568,5.0846427946706184e-06
207,0.001203846323104231,0.0001163024873773822,0.0008818176753823426,0.9974949927024633,0.00030304081167004983
208,0.0027143429182670043,0.00017141321940992733,0.9907769498542673,0.003376213803813848,0.0029610802042358423
209,0.0005115989810730797,0.9981208785119412,4.679142822355707e-05,0.0012414145625592812,7.931651619836588e-05
210,0.998315974054866,2.433125788370216e-05,0.00033546738161295916,0.0008664577760894899,0.00045776952954785117
211,0.9835012932785601,0.01295784928872134,0.00035049110522607257,0.0024972373195471394,0.0006931290079508454
212,1.1530102273903875e-06,1.6978763465304093e-06,6.681482195913521e-06,0.999987166550466,3.3010807630521474e-06
213,0.9953314417429089,0.0025070949197547373,0.001335657138641029,8.826061588238404e-05,0.000737545582818028
214,0.02291811131000258,0.00012103459459135186,0.01524978621505766,0.6830598520891688,0.27865121579118024
215,0.0051762470286520045,0.029710416010319277,0.008318877446964188,0.9556328654753734,0.0011615940386953479
216,0.02579120352375995,1.5920455282041942e-05,0.9714815943897862,0.000182602811813701,0.0025286788193626844
217,0.012356586175429082,0.0010739697043184286,0.9752525300866641,0.009430109071731294,0.001886804961863099
218,0.2770128715414599,0.0022039332955189673,0.5263797467996086,0.16305478717614935,0.03134866118725924
219,0.9875235874750222,0.00717610078123314,0.001177587696063699,0.0003684212284022014,0.003754302819276503
220,0.06060523969399043,0.000614865654421212,0.9150185503911045,0.01891061638157585,0.004850727878910814
221,0.0016172851940529345,0.00040219218645339184,0.9965122108043655,0.0007009905534612664,0.0007673212616710103
222,0.00024597058100332973,0.00019141055321874342,9.260221786297471e-05,0.9993919541185693,7.806252935039805e-05
223,0.0017918730280293885,0.0002650331863333097,0.0007086956585612864,0.997076143349651,0.00015825477743120294
224,0.017485847354869972,0.9730936633929613,0.004742306409129179,0.002169830468866329,0.002508352374173227
225,0.003592579678340861,0.0032739802503589754,0.917669249857243,0.07458361722120029,0.0008805729928632531
226,0.9932298675765887,0.003953784670704653,0.0019825121306570534,0.00012291796863225197,0.0007109176534199281
227,0.02948432299103551,0.739350473323995,0.0020189997589726656,0.22876577971587675,0.00038042421012940365
228,0.0006058778179997175,0.003345691736520718,0.03282685300650995,0.9620285851741217,0.0011929922648383738
229,0.6490109836055741,3.7041281901074582e-06,0.0010799669978875655,0.34661950614375314,0.003285839124588638
230,0.0005557936059652507,0.9993203444604303,5.2425989846830756e-05,6.17624084839403e-05,9.673535271428317e-06
231,0.0031370900406359173,0.9966883596223648,4.8934910662028375e-06,0.00014828735411214085,2.136949181683293e-05
232,0.013777349999749208,0.002766699689803933,0.4522101875171,0.003317102930935615,0.5279286598624091
233,0.060073748387312255,0.019813273625698125,0.008986707885806173,0.9043864825711571,0.006739787530024367
234,0.034662880144665745,0.17486374439619343,0.013959612395006071,0.7714298462831861,0.005083916780951448
235,0.002100522353678168,0.0035997410860526824,0.0013760374694633648,0.9923548082718927,0.0005688908189184751
236,0.8543376726157913,0.0033814552102900053,0.048052980382026156,0.03285156171681233,0.06137633007508671
237,0.00011547690543323535,0.9968853763508306,0.00011409912623115356,0.002858990099988723,2.6057517509509317e-05
238,0.05634707132162499,0.00011481655137310861,0.001329983759333411,0.0010105196971138112,0.9411976086705587
239,0.027987885184869745,0.02749127146119691,0.19978233425123815,0.7295618067335431,0.015176702369152745
240,0.01044236374931863,0.9879242040288919,0.0006076798669489411,0.0007570430239858407,0.0002687093308584983
241,0.0028112819830739123,0.0031102160958798464,0.015763617536627642,0.0004209265849411995,0.9778939577994739
242,0.1663300761674248,0.6685727386875455,0.08135658881050511,0.05520505317984585,0.028535543154679602
243,5.53074147399515e-05,0.9999390326043801,2.738746231798528e-07,4.89638856552582e-06,4.89717694407328e-07
244,0.04251652990229642,0.02501902047494133,0.3889208448109656,0.5370057334684873,0.006537871343312883
245,0.015268749584345792,0.06752117431088278,0.42862540954146033,0.48564747970647626,0.0029371868568318533
246,0.06248905048586505,0.0023027784073637566,0.18889564391480546,0.003615209575418763,0.7426973176165478
247,0.008716382855230676,0.22150369627036567,0.032860348666085164,0.7078776676368949,0.029041904571417025
248,0.7411439659503705,0.13705066736618038,0.0019007844768361066,0.014101862168639824,0.10580272003797765
249,0.0013261574174634383,0.9970080620588596,3.571989945406961e-05,0.0012001750983020411,0.0004298855259138655
250,0.999155587356371,0.0002462643032243246,0.00014373029521719187,0.0002056481117442077,0.00024876993344720964
251,0.004179019070700025,0.00020698707682511387,0.0047962298407331705,2.4396942571277067e-05,0.9907933670691763
252,0.8379838088142896,0.037687349660658044,0.05944507590874107,0.010187522167631417,0.054696243448677365
253,0.5986930053926061,0.044656712948606396,0.003537849856155529,0.3411171206170099,0.01199531118561631
254,0.0005777720218881793,0.0022426258642149715,0.033032967220178996,0.9624857121141316,0.0016609227795768605
255,0.0010075453370266153,9.136589792464492e-05,0.0009289789430467709,0.9976057497266786,0.0003663600953289
256,0.020108656572886255,4.099675398357864e-06,0.005066862282571083,0.9734184959327682,0.0014018855363846128
257,0.003746597150576321,0.9418439333312276,0.00047755370870991603,0.053086854238015985,0.0008450615714626602
258,0.004279192392612544,1.8099989445273385e-05,0.0016486916455971928,0.00013471133304205187,0.993919304639309
259,0.35025383914388497,0.2889876236611069,0.28038814671838524,0.04689785343471193,0.03347253704191075
260,0.014291367510692859,0.0011286070732645988,0.007876434252038303,0.9713226802836815,0.005380910880317238
261,0.01690152964085714,0.0019186923229208906,0.966922504233343,0.005117258181211596,0.00914001562166947
262,0.00980088889923985,0.06753545716522981,0.21406861289761242,0.06307852226600834,0.645516518771911
263,0.7233492973673081,0.19745406637000082,0.011924115953986193,0.05941645715508514,0.007856063153612888
264,0.0068686917753034695,0.00013839421472894281,0.10090671800328167,3.233139701744379e-05,0.8920538646096721
265,0.9469328174405189,0.012195105876912995,0.004460343613191649,0.02906673838402087,0.007344994685351171
266,0.00024319775378135706,0.0002680057186040552,0.9820055642292846,0.00012947846417348088,0.017353753834148323
267,0.9982761415679718,0.0001608887759426639,6.559181093743408e-05,0.0004917802741860206,0.0010055975709581534
268,0.7650109952353552,0.029950041242527228,0.08997612213827809,0.1039590019218482,0.011103839461985215
269,0.0204080500414597,0.0026109010370624266,0.9233156754332086,0.0483112761329004,0.005354097355371387
270,0.01692967101730734,0.003116636751057596,0.01569632892361852,0.002906168868579878,0.9613511944394335
271,0.29562553894272625,0.03001682040011937,0.06886449901289965,0.5860389474624069,0.019454194181851882
272,0.0002940966707084216,5.8876535908210985e-06,0.0020141978181113015,0.997181690928495,0.0005041269290936878
273,2.151978033039582e-05,3.377392625176105e-05,0.9807424406615051,3.130494015155198e-05,0.019170960691764837
274,0.09108421319437394,0.43490860271166826,0.11011433626448719,0.2476453952241267,0.11624745260534838
275,0.33494370140826546,0.01761441166873554,0.6161706102970163,0.014015225479033238,0.017256051146951414
276,0.9873428631527607,0.0007281505692508835,0.0027193117031202797,0.002363700889225483,0.006845973685642282
277,0.00022636269187503215,0.9995281243120677,0.00011422060502467766,9.260967478077814e-05,3.868271624244649e-05
278,0.22435623949066588,0.7481991399489387,0.009590427807427743,0.016018108410737513,0.0018360843422328462
279,0.012298282854354413,0.004818082018552896,0.00204920877471524,0.9785510416386044,0.0022833847137739586
280,0.0640146438470809,0.0022653078305413855,0.0071087239525684355,0.9049882332723518,0.02162309109745082
281,0.001126164716266838,0.9977180701004552,0.0004702926582442786,0.0006101607002782424,7.531182475358815e-05
282,0.0005087704177404543,0.9993211721968658,1.4075377353089488e-06,0.00016443151376868893,4.218333878882493e-06
283,0.000735714631731144,1.0950735289804938e-06,0.998987367944682,9.572027874865981e-05,0.0001801020713106273
284,0.8740882413131481,0.009895986684657227,0.06513321114856273,0.02656246966925398,0.02432009118438088
285,0.0004613187506640002,0.015577773955303324,2.69254634979243e-05,0.983837169737727,9.681209282019513e-05
286,0.00011345337311052578,1.8256444869280722e-05,5.5136054278457124e-05,0.9998048163757723,8.337751965990965e-06
287,0.020676425084994964,0.0009059809561033581,0.6854933764491574,0.004588346077844052,0.28833587143190276
288,0.0027557512021098305,0.003589319929271359,0.9933281266231698,0.00020134784787026209,0.00012545439758290014
289,0.000435665515818323,0.9970645871675835,3.415303593205402e-05,0.002373137721474941,9.24565591977503e-05
290,0.025348904026360385,0.00029907572617054556,0.0073129481845619895,0.9623886855960578,0.0046503864668478445
291,0.15089489971442846,0.006421229610864268,0.8114412423050382,0.030350479269735015,0.000892149099932988
292,0.00014079824135989494,0.9995157479908576,9.05683026379498e-05,3.9426642520062476e-05,0.0002134588226184577
293,0.22792837103470384,0.6212520632968239,0.10325155273879374,0.028388159509921622,0.019179853419761986
294,0.9773590286302185,0.004709750286730451,0.000507888949658879,0.005575645999675763,0.011847686133723976
295,0.037426347406937,0.9580358281880118,0.00039341679711806275,0.0030483258422617245,0.0010960817656666014
296,0.007300695641103401,0.00030139821620688223,0.9385865102591401,0.017638556611346116,0.03617283927219702
297,0.0006955550809736672,0.0002315113924883626,0.006358499184051193,0.009020617768233753,0.9836938165742515
298,0.009469286867469324,0.002670106642083731,0.030694049292198204,0.9554620764321065,0.0017044807661329535
299,0.02073821890592517,0.03605929150329799,0.04682949498677499,0.751238098362087,0.14513489624191447
300,0.0003945653685086117,0.9995906496343497,1.941696618985962e-06,1.1871737374157397e-05,9.715631381998623e-07
301,0.04397127812940331,0.054748792161988545,0.05833579030601698,0.2705747939349687,0.5723693454676322
302,0.0030234640932629707,0.0020344184809360415,0.9917440982512851,0.0016847152053810898,0.0015133039691365504
303,0.8340954924669043,0.009469810877887591,0.025022980664729542,0.0014344196916429193,0.12997729629884366
304,0.9174075920906449,0.0042984608400369485,0.05079094879948452,0.009860881839138578,0.01764211643069697
305,0.083439481727719,0.020590981974976892,0.02309068978846742,0.01846299332969236,0.8544158531791387
306,0.02386692796276204,0.0004241788098014562,0.008391004118258463,0.001090471981608661,0.9662274171275751
307,4.7065876966673224e-06,0.9999925939484038,9.71364529791204e-07,1.5602833603790942e-06,1.6781601887085028e-07
308,0.006361566143169174,0.0030925009784344214,0.0020925331137471785,0.9884331651994592,2.023456518981192e-05
309,0.7555791241399005,0.022067556323493064,0.026605424790430193,0.1300503177426895,0.06569757700349199
310,0.13128721683987948,0.11099686182568369,0.37492186499921654,0.31172490987794144,0.07106914645726607
311,0.04959469077002141,0.022910670823027057,0.2410477694752651,0.6310708665950723,0.05537600233661894
312,0.003176326479769706,8.501143014943914e-05,0.00191787195422105,0.9916530559623018,0.003167734173555623
313,2.39977518523618e-07,1.2881363047460266e-08,0.9999993983672757,5.225125761134249e-08,2.9652257216300754e-07
314,0.02255921221261452,8.411424440540423e-05,0.031846742483399804,0.001136825610075972,0.9443731054495069
315,0.022245839239517777,0.9595481724964432,0.015295209576345625,0.0027297608440328297,0.00018101784366062116
316,0.051410895535317656,0.9075838412472229,0.025141195892501123,0.01121698902987067,0.004647078295092754
317,0.8138771264941947,0.1115899681738596,0.035078139738714396,0.011971158302440863,0.027483607290794524
318,0.02101010017383005,0.0007030287506171517,0.022015389218293036,0.9552358418298263,0.0010356400274286733
319,0.07694771303931841,0.013246780696597885,0.07780455909108895,0.06421634979358305,0.7677845973794095
320,0.00036027281955872657,0.00024160898107282528,7.810787688180421e-06,0.99931541061508,7.489679659403766e-05
321,0.7497977956569783,0.0002688159033809463,0.023104945291427887,0.14360527546955026,0.08322316767866156
322,0.006856200216889895,0.07563134411915029,0.8138409830761008,0.003820397968217862,0.09985107461963547
323,0.05277655740907252,0.008781216429000467,0.7416082429557618,0.17519546596270202,0.021638517243456945
324,0.9687774740072606,0.016724202819897505,0.006086572046209453,0.000452026030644552,0.007959725095987425
325,0.020825156901636475,0.05220082669357019,0.0032979843117535105,0.9229411869776807,0.0007348451153545904
326,0.24392569996685234,0.017142854267827568,0.6226546439286124,0.05350376665405448,0.06277303518264907
327,0.888357898460312,0.005277001543095147,0.020244280497760846,0.0356272575040565,0.050493561994770765
328,0.0025169866861799233,0.006505592882829732,0.006386594229187148,0.9843004820341045,0.00029034416769176005
329,0.007602515028125105,0.00033213060640869104,0.002291275050106464,0.9896688367027422,0.0001052426126117675
330,6.277920885970837e-05,0.9995718154519779,4.932004473943121e-05,0.00029653423111589676,1.955106329572956e-05
331,0.07417885912960775,0.00278095803057055,0.0010473318398358988,0.9217714943417741,0.00022135665820922606
332,0.0008503498663214377,0.9990212023728784,5.4418929934377014e-05,5.9720467749354634e-05,1.4308363119606015e-05
333,0.693370209493442,0.02363330200252242,0.040177765803317694,0.09966187150993447,0.14315685119077953
334,0.46807107419044197,0.16174213878987806,0.19811709634157657,0.12119731334440732,0.0508723773337033
335,0.0003118881792804419,0.9984954906067623,0.0003891707351419772,0.0006894716338305268,0.00011397884499014423
336,2.92095769231729e-06,6.098463876575722e-08,0.9999960858742588,3.7257947917021946e-07,5.596039339270606e-07
337,0.047988690609694504,0.11808433313155983,0.005273972598869719,0.8159664061456845,0.012686597514198246
338,0.009809665391582815,0.024966918185275643,0.0007104122673016054,0.9628906261442833,0.0016223780115576245
339,0.00024141949743828562,7.547122457292199e-06,0.003032509231699363,0.00018762611003984538,0.99653089803836
340,0.0014008611928095598,0.0006611622750343757,0.0014425269659749157,0.9964424131820653,5.303638411219118e-05
341,0.9998615009239947,3.156598859741876e-05,6.608723367461344e-05,3.755818300723644e-05,3.287670719130339e-06
342,0.004851986041539814,0.010009692523412831,0.011568044695779356,0.9712546111894893,0.002315665549775644
343,0.0013789887973089322,4.430648376537885e-05,0.9959285935312951,0.0014559541633304806,0.0011921570243107087
344,3.4925863747595503e-05,0.00022713532375189338,0.9989754137752814,1.286279155686723e-05,0.0007496622456695562
345,0.0046042046945454435,0.00030395431404345384,0.00166590592699708,0.00019640514864759909,0.9932295299157682
346,0.18721367696257687,0.05225332341658389,0.7333725037324355,0.016604642807181415,0.010555853081224415
347,0.2548233734379168,0.014280976185882456,0.005823726048012117,0.7228169098215784,0.002255014506605101
348,0.07301855880803004,0.009367691524868561,0.16908452956801553,0.26421922454211566,0.4843099955569721
349,0.0009063294096212216,0.00012245428306718916,0.9809926344441844,0.000428947332973784,0.017549634530159654
350,0.00018697600438842186,0.9997783206241455,1.4994266447960272e-05,1.572607859118031e-05,3.983026437033644e-06
351,0.993610107579983,0.0005297086291210925,0.0013135631437821513,0.004038399206273803,0.0005082214408257749
352,0.03589971628542049,0.002056111446288013,0.028804024137814545,0.012193595894487905,0.9210465522359983
353,0.006563743592235984,0.0015739378156906464,0.016145993101591673,0.9749070171266231,0.0008093083638536104
354,0.0377714717253305,0.0395264072025004,0.9032247305900232,0.017492379567322313,0.0019850109148226974
355,0.6869916052547622,0.18639991142089835,0.0129539140211013,0.028737282343166123,0.08491728696007106
356,0.07231687282634715,0.01171012174612566,0.012337186940468318,0.8951660569183439,0.008469761568717798
357,0.03475105294262117,0.937758086267975,0.006700041482599741,0.01870993114540751,0.0020808881614030137
358,0.6323960686824528,0.2503316580129481,0.01276427655856463,0.042571494432557914,0.06193650231347911
359,0.6708735498176345,0.05620668199495465,0.17924302173069137,0.008706394980702508,0.08497035147600672
360,0.002687829462970202,1.767514846923429e-05,0.0038903102983732563,0.010449013783323928,0.9829551713068767
361,0.016962408924824184,0.8975374155076754,0.0740381440112123,0.010004929391779651,0.0014571021645144648
362,0.3742008007556331,0.008971166070145057,0.15716986827865406,0.41162748391790605,0.048030680977666745
363,0.015548371928203108,0.02960099039080591,0.6014852147673825,0.3448738413660439,0.008491581547568766
364,0.40610122371981877,0.0621519651532969,0.44997028515990933,0.06241069101398167,0.019365834952999726
365,0.0036099918404012775,6.291981933856725e-05,0.9907199296569872,0.0007412681264075246,0.004865890556864389
366,0.09319773156401007,0.002146342616745606,0.7562169392750658,0.024397389253232735,0.12404159729094114
367,0.05695961325698016,0.015696868638919323,0.0707751571763392,0.8449713957387243,0.01159696518903467
