index,0,1,2,3,4
0,0.07510917805110191,0.8075491666802279,0.05054079874992721,0.06425618339169908,0.0025446731270456183
1,0.07540374582303805,0.7129906346582754,0.020507034558052663,0.0854514226198256,0.10564716234081009
2,0.9722126369873313,0.016476934195024436,0.0034015202304370907,0.0035060170829711774,0.0044028915042374555
3,0.028677252214540892,0.00017619406820618448,0.8265816560797409,0.00035928732062724173,0.14420561031688403
4,0.9100467640801949,0.04687201519513991,0.01656981749884413,0.021059109841140743,0.00545229338468019
5,0.05170178701147116,0.0070801133250384405,0.06912603116268833,0.8639872589453584,0.008104809555443767
6,0.08473303885161189,0.0025729578071261383,0.14534319165381027,0.7482205376251474,0.01913027406230521
7,0.9105265184524083,0.03989737568757085,0.020512776810922714,0.02258402549875718,0.006479303550341817
8,0.9491727008787877,0.01293453433809062,0.03643493424987877,0.0007280189738748101,0.0007298115593686334
9,0.393550985860391,0.47148443860722017,0.024837403540417167,0.10281543376918272,0.007311738222787809
10,0.032970914636631904,0.003603778925439845,0.00420497471009004,0.9563540943977585,0.002866237330079192
11,0.0907505204751923,0.010371942712823755,0.015235831425704961,0.004183464937107118,0.8794582404491713
12,0.002375499140631555,0.9971759916884946,5.02871293242142e-05,0.00034736201235557564,5.0860029193698787e-05
13,0.1405154612440392,0.44856990913646305,0.3999373750602229,0.003213801762001239,0.007763452797273664
14,0.004405645639439435,0.0021834784224103758,0.9854994843003756,0.0007619080026787886,0.007149483635096473
15,0.581109095033611,0.0036939297402826987,0.017096435893634153,0.3659557820039953,0.0321447573284768
16,0.3377519459057878,0.005474059441509182,0.5522907793327563,0.06327020051237993,0.041213014807568185
17,0.0054023212161284865,0.0008030992820045809,0.48266948744670674,0.0010731164494078406,0.5100519756057517
18,0.016385298004036222,0.004149413956300577,0.010581989242928747,0.9683653627972929,0.0005179359994407366
19,0.01886512932478212,0.33066729271250456,0.06620286098677723,0.0730967041523217,0.5111680128236146
20,0.015426386796925838,0.0013958259951395654,0.9706349559218331,0.0013908378273580321,0.01115199345874116
21,0.00047623181390453673,0.996518337259793,0.0019221986617916763,0.0007653066582596784,0.00031792560624809826
22,0.31125755307933833,0.0025744282719160736,0.008013248614064696,2.485745325917292e-05,0.6781299125814246
23,0.046172076445880145,0.08672019900563548,0.04955363360785259,0.7141871015525061,0.10336698938812555
24,0.015567104506473072,0.0010631731169209188,0.07302676494372765,0.9038585722487684,0.006484385184110455
25,0.04493911972240631,0.0016997732045458578,0.007469324508286527,0.9435422442616765,0.0023495383030857947
26,0.00019415325465387657,0.007818939920294369,0.002885322705449259,0.9889536965023233,0.0001478876172777495
27,0.013137034956993345,0.01796576824294691,0.9609515859981584,0.002398594579472006,0.005547016222427722
28,0.9894265913652535,0.0019311345294449902,0.0037597918659206795,0.0018581532476267303,0.003024328991753127
29,0.45377821783657235,0.21972505540236262,0.3063842100852017,0.014249979423991812,0.005862537251874445
30,0.04004806939657109,0.0023019967895861674,0.003287049230043185,0.9525186410707615,0.0018442435130394611
31,0.014323598914226687,0.0559950531749254,0.9014060107052988,0.019036359131765355,0.00923897807378375
32,0.01525743216941849,0.0006046408580351751,0.0006875732110609104,0.9834151169438844,3.5236817603429735e-05
33,0.8867031120952343,0.001371439970294262,0.004002896437951516,0.058113058243078664,0.049809493253441944
34,0.14546843241355645,0.004078188020606339,0.024177187381105837,0.8241137514736722,0.0021624407110586515
35,0.005538798389173616,0.9927825627100255,5.67888011054677e-05,0.0014016382168463787,0.00022021188284539612
36,0.0010020053498168745,0.0016401564425643916,0.00028913039877272065,0.9966263587738784,0.000442349034966303
37,0.02411534951790344,0.061056243499742834,0.12351370850511366,0.04635900986756571,0.7449556886096762
38,0.0019104148806718547,0.00016566194624953858,0.03272123904091467,0.00015805715875190368,0.965044626973416
39,0.3801940996789519,0.006031445041517271,0.02506530175500216,0.3338415655167591,0.25486758800777004
40,0.07169984990258466,0.32443588507331694,0.2283679872192167,0.24094128772025034,0.1345549900846322
41,0.025261404448662695,0.9077378826736573,0.016857306816327015,0.0453546579441602,0.004788748117192387
42,0.009451903303655996,0.0010151010694926502,0.9835052822212874,0.000319495645386779,0.005708217760177786
43,0.1700452450138136,0.7171554899436784,0.04207338698938296,0.028991177517292254,0.04173470053583445
44,0.07631803988740192,0.7831669067593695,0.0070902409608362554,0.11298653429463945,0.02043827809775124
45,0.014292244840861059,0.0030839573922976,0.9702190736123492,0.0044534437416145385,0.00795128041287592
46,0.9359562884081136,0.0010681904097712628,0.04438457444388074,0.014293229173731582,0.004297717564503339
47,0.008139528813649611,0.006654398942204426,0.00792853125349189,0.9749638085804775,0.0023137324101773875
48,0.00504821729218557,0.9924202126412233,0.0015529725456077351,0.00027433344878842047,0.0007042640721952845
49,0.00823999848448517,0.014288057159659856,0.007297855150723306,0.9677330253993756,0.0024410638057569293
50,0.007062692544865758,0.0021555687601744447,0.07740634768138066,0.0018208231775238828,0.9115545678360566
51,0.0553164198090295,0.35104683143647564,0.27000416821104606,0.05643355797658312,0.26719902256686795
52,0.04864460762797869,0.00030279036398012316,0.05381070633964368,0.0031733198225638703,0.8940685758458337
53,0.01816521019187688,0.002074250287751012,0.09130296838112716,0.017787967437594934,0.8706696037016491
54,0.03080956607956655,0.009415709553475845,0.12689962275320257,0.013032970160766748,0.8198421314529868
55,0.005460492035590817,0.9938383731584257,0.0002509437864733512,0.00012842719618386987,0.00032176382332583424
56,0.008499222626999122,0.0036882813044558367,0.0024101949494181266,0.9832579406032994,0.002144360515826527
57,0.05287474629468753,0.0010144667197948118,0.018279305849054683,0.009182407069230396,0.9186490740672308
58,0.064343428719293,0.010655686221378295,0.045408371612374474,0.4599634974450012,0.4196290160019514
59,0.03161334698934373,0.001714634989234659,0.959565246251158,0.0008477558337218079,0.006259015936541635
60,0.011205147631330766,0.9875549434934172,0.0011506302952704636,5.069359764460846e-05,3.858498233663119e-05
61,0.023661602292886517,0.7458483392491968,0.014085905384209134,0.21122220559933635,0.005181947474370253
62,0.014239095015101228,0.006774992624293195,0.007163304827706485,0.9649723368314919,0.0068502707014056145
63,0.034745510299796424,0.00462340721231689,0.8920320823199723,0.03463574384089518,0.03396325632702062
64,0.012629204004622934,0.9792185710698503,0.0019810067944831806,0.006074009107543927,9.720902349874693e-05
65,0.012749109619136183,0.0016070118321693456,0.9250540374888083,0.03441230104196393,0.02617754001792132
66,0.003346811597480913,0.004490096911309616,0.0035586944086497614,0.003388569736041142,0.9852158273465179
67,0.009646803384210855,0.008678613846399163,0.9195524924429281,0.050555145922531304,0.011566944403931674
68,0.8512611661201437,0.10639710525677998,0.02509194044162686,0.015043620867702064,0.00220616731374588
69,0.005182533683462743,0.0024033634886865187,0.001058407330281962,0.9912474779654471,0.00010821753212103469
70,0.0005694860224279328,0.0035935598172981142,0.0002772158410080933,0.99501902878308,0.0005407095361892558
71,0.024064351473901055,0.0021280031943209216,0.6685592566540717,0.007279557735287054,0.29796883094242
72,0.005637372569375444,0.0009764852996576938,0.0010313460442210082,0.9923190920210051,3.570406574214208e-05
73,0.009199404181584468,0.0342348546348806,0.940178029613645,0.011018121443791504,0.005369590126096923
74,0.01624004637968007,0.9831036442101926,1.6134646664598912e-05,0.00017801239510462994,0.00046216236835906776
75,0.006525379240287202,0.007289494964541395,0.0015398727291384667,0.9813436560819628,0.003301596984066807
76,0.05390876843373598,0.017812156265173164,0.011615807851295512,0.038326721865316944,0.8783365455844784
77,0.9740377634688389,0.0054226839587672845,0.004585484168001675,0.014460513211888003,0.0014935551925025871
78,0.04795847772265626,0.010787281894587995,0.1110541029009735,0.009312726847458442,0.8208874106343248
79,0.053862828856841946,0.791937729428743,0.05203961927586262,0.044035184214727636,0.05812463822382553
80,0.004281989917148648,0.9882737356405799,0.0042552089443887615,0.002823837495911617,0.00036522800197146487
81,0.012654655069360197,0.0034425455070241887,0.10972599768868513,0.003283469704569381,0.8708933320303629
82,0.14418840319278722,0.0331313051647879,0.7352452422311031,0.024089266910454318,0.0633457825008678
83,0.011216403787047016,0.13558860279111937,0.011086924786595297,0.8406910866678463,0.0014169819673918393
84,0.002718835343468166,0.004333737540032309,0.9869287129101262,0.00493431693805571,0.001084397268317743
85,0.038825556065714036,0.9495772023080032,0.0005775662683705006,0.007303482466585639,0.0037161928913265726
86,0.052287963964184135,0.005070510179197068,0.013534816722419738,0.9260994197349217,0.0030072893992757117
87,0.00024885850553476755,0.0012959831592930999,0.9806938578859848,0.005525228041543979,0.01223607240764386
88,0.11254334972756345,0.17858697124069897,0.6673633520545367,0.039600549312737064,0.0019057776644624913
89,0.02086830526238087,0.03039062333126944,0.0019829934742098165,0.9461178867545293,0.0006401911776095289
90,0.04087485772924569,0.014805421800247541,0.005847993665988995,0.9356137929425152,0.002857933862003595
91,0.035829238010249884,0.854958915844999,0.07537211095781814,0.002415411325282969,0.03142432386165049
92,0.21456624898921547,0.0016575511677246872,0.002129655060885837,0.7809573185990267,0.0006892261831461384
93,0.012470113633231316,0.0010231471566105818,0.0012023332489879423,0.983698906270784,0.0016054996903857699
94,0.011731426729112633,0.0030026678556210355,0.016783027242305265,0.9629320331383325,0.005550845034629042
95,0.9637775829099685,0.005749157395527103,0.0015815298391278314,0.027837972701738465,0.0010537571536385663
96,0.0031010780536214018,0.0011962040238180727,0.0004681633471948599,0.9950884251554971,0.00014612941986738643
97,0.8899077006164915,0.009819521692710513,0.02069190460665357,0.07737290930316344,0.002207963780981977
98,0.021878615990225347,0.004756088535705302,0.06247796186832282,0.026991114293113874,0.8838962193126345
99,0.0012578090040590278,0.004345982221728916,0.0015784527603238535,0.9924409846544695,0.00037677135942061976
100,0.031378736210330854,0.004950003230385534,0.804059627196359,0.15462193536815347,0.004989697994771881
101,0.9652686445189363,0.014980597441022975,0.004002707952078338,0.00344645108640101,0.012301599001561454
102,0.010450956492230181,0.0021020424562949985,0.0031913957686003098,0.9830921922367402,0.0011634130461359751
103,0.0177275925835961,0.003726819416861574,0.9717710536496725,0.0009931696074653477,0.0057813647424012436
104,0.8481895632300447,0.0008134315764035758,0.09001690602680322,0.0033758737602330837,0.057604225406515226
105,0.003969760895571839,0.9896582912004099,0.004285580157681298,0.001925562166146611,0.0001608055801902541
106,0.13883778829934423,0.7696728240281042,0.03940174501437561,0.03378556317544295,0.018302079482733862
107,0.00657653807480662,0.06366278044640339,0.9255173788828526,0.0035318394343457297,0.000711463161594303
108,0.00484958390628818,0.9929384312077598,0.00011985803669032148,0.0017910217289436121,0.0003011051203190924
109,0.015330690577107474,0.08926742497847708,0.6380930286249566,0.2390560167526283,0.01825283906682938
110,0.6216968317393857,0.25691283221567357,0.07997527738202319,0.03737964706096884,0.004035411601951102
111,0.06273680106821812,0.0006608051177979994,0.0031218708622009527,0.9276865785840258,0.005793944367755773
112,0.009808546382257186,0.04250209078369376,0.0008945391925299335,0.9460596445714148,0.0007351790701034902
113,0.027399701705929615,0.00430912444712682,0.9579176967064492,0.00402164255422057,0.0063518345862731695
114,0.017256529626907664,0.0013375967452988907,0.0014879523772467146,0.9789917912584841,0.0009261299920613641
115,0.11729311082394295,0.21577906082000664,0.21814943775899176,0.08570098008626953,0.3630774105107902
116,0.017488286371017257,0.0037429997516751664,0.09564542279985902,0.005107888156281048,0.8780154029211658
117,0.9709889784272598,0.00645043512256513,0.013461731946118782,0.001986474972964107,0.00711237953109208
118,0.0006454596508668398,0.000321079702086064,4.734961069252069e-05,0.9978431703164549,0.0011429407198957093
119,0.058322099867008086,0.9249830182440473,0.011441084806431169,0.0038593216959734843,0.0013944753865408768
120,0.02425085432514136,0.02100341167476944,0.016485061693791877,0.01764307662546778,0.9206175956808299
121,0.0032340930344161634,0.00046756968286646507,0.00029630654690649636,0.9947628921373077,0.0012391385985005936
122,0.3418976560519002,0.5759475798074623,0.07737804065226839,0.0016518871930274752,0.003124836295342098
123,0.26431857660707264,0.06675151451967273,0.09551742566233422,0.010654199827688397,0.5627582833832323
124,0.004411658086820414,0.9924331458515724,0.0018330943195382732,0.0006525275765204476,0.000669574165549539
125,0.010216830131672813,0.0007655368817939521,0.9880008053559038,0.0005152417063144517,0.000501585924313893
126,0.002106825237220611,0.987299852328145,5.300075959141324e-05,0.010428742235292207,0.00011157943975336309
127,0.9482051493938961,0.0017176591286796128,0.012074214203124966,0.004426083620316993,0.033576893653983086
128,0.021130572594501705,0.0041059006817384894,0.053347698850397446,0.005557715807600091,0.9158581120657612
129,0.011846436121434989,0.0024938042507064006,0.00754132210085423,9.939028409342139e-06,0.9781084984985984
130,0.015694457242167142,0.004337470227163343,0.9103022536784018,0.049389611530811756,0.02027620732145642
131,0.025838794051606388,0.005071698640244943,0.0030415657430359583,0.9034596987631498,0.06258824280196361
132,0.028294782413621045,0.03669768291865827,0.0019550863048571755,0.9205066510586406,0.012545797304224358
133,0.9879121301976072,0.004096460742770173,0.0029812855855070246,0.003986885061015088,0.0010232384131009654
134,0.6252459996582371,0.022187080131798577,0.18719296288361,0.13853654213414568,0.026837415192207583
135,0.09123851722023738,0.0014268105245073927,0.8513120430743263,0.01883118445398185,0.0371914447269503
136,0.559319908434343,0.025856650620038227,0.3351174789953914,0.010949943955629137,0.06875601799459966
137,0.003955572700936668,0.0017043877233161328,0.002645360836468572,0.9907925694249333,0.000902109314346356
138,0.6634703340175637,0.058073468063288905,0.18664449968997407,0.0465829452383768,0.04522875299079658
139,0.026178538930690165,0.0063132143078337664,0.004035780333805436,0.9617173331442757,0.0017551332833964893
140,0.11125078807542815,0.02562236441243023,0.01132652346143646,0.012735960868018037,0.8390643631826887
141,0.07956609771520114,0.13930995765087084,0.008222238641522972,0.07381514398973749,0.6990865620026675
142,0.0028759333478423285,4.801648867376969e-05,0.964519398232951,1.7298074016699778e-05,0.03253935385651343
143,0.00030178420843936254,0.9970811253890475,0.00030095589989509154,0.0004804535324872306,0.0018356809701305379
144,0.9619756169049262,0.0004560516824874976,0.024419887920783468,0.012367115028490248,0.0007813284633131148
145,0.2623468918596274,0.10137515495586623,0.016338768166100047,0.01055727513770111,0.609381909880707
146,0.041382397913146934,0.0011905877686300174,0.0013837164400310473,0.9546460361781847,0.0013972617000067133
147,0.039418723636622396,0.010759941552053674,0.15052227711723873,0.25879498842063947,0.5405040692734459
148,0.02854450095275414,0.0002474129052728774,0.00020126790266911327,0.9695963645672457,0.001410453672058524
149,0.014599865218767043,0.010165477141632798,0.003997498368041668,0.9672988459946766,0.003938313276882986
150,0.1327824383620637,0.0007466438325653545,0.04491742981472167,0.8198872662687489,0.0016662217218994196
151,0.010179847673255025,0.003559104014063004,0.005632688578389862,0.9733737985498688,0.007254561184422154
152,0.021665675196578457,0.8599726475986885,0.05629099208629864,0.007902954201653803,0.054167730916782196
153,0.024065585127394727,0.008100516121249514,0.012531095199592612,0.9442960891726024,0.011006714379160662
154,0.018946426247309862,0.021284057174108893,0.7837907465943995,0.17288387847420833,0.0030948915099722222
155,0.9655370862002329,0.019952038135690468,0.007314953475853376,0.002578383246234296,0.00461753894199001
156,0.006892129812970064,0.9887392166202406,0.00022668775726587568,0.004039288708570858,0.00010267710095439097
157,0.47539965108240206,0.06363899972185573,0.0041629425942137374,0.1870610493959154,0.26973735720561276
158,0.03044019401901836,0.745557182657114,0.06525040028959815,0.0562371814560513,0.10251504157821736
159,0.008612089622147668,0.9834306191017776,0.0003909887337889731,0.005648923265279541,0.0019173792770045322
160,0.7287374232129317,0.0047728259906871925,0.09378152554207166,0.03717917960041701,0.13552904565389237
161,0.23334864909140957,0.7530559837401544,0.006116818947651365,0.00048432956984770356,0.006994218650938835
162,0.29448420469504244,0.08528937522704955,0.05082868152934365,0.07680420823073623,0.4925935303178264
163,0.3198600792659144,0.010244096947265243,0.2570444074631695,0.02027628906406234,0.3925751272595867
164,0.13220082928691518,0.8216436517475855,0.03442365477707048,0.007685846462332473,0.004046017726098104
165,0.0065310247372598555,0.9848090396678618,0.00039693608529012617,0.007721206057557712,0.0005417934520316416
166,0.019275277919998692,0.0015826005103690725,0.04204392438268107,0.004245563618638619,0.932852633568314
167,0.055871448507923666,0.006827074915260827,0.8228299175818857,0.007211739314900076,0.10725981968002843
168,0.6000259604307115,0.2229625492795784,0.01638549223911637,0.14591417289644598,0.014711825154146119
169,0.22810479682027884,0.02279344160948099,0.02739053793605167,0.005786737580140039,0.7159244860540466
170,0.11160425105901509,0.7589884244335248,0.06811183297750574,0.05852408783437743,0.0027714036955776085
171,0.1658753530952545,0.27799098370237685,0.059278530132148746,0.4255865340465002,0.07126859902371824
172,0.09058451706147982,0.8037935868404168,0.0458479819140317,0.05417815179927323,0.005595762384796988
173,0.0043069650594161485,0.9912551156293046,0.00038506138061743353,0.0004917420531471724,0.0035611158775169164
174,0.011052164141520436,0.00045285156360719406,0.010103285867060434,0.00394110161099378,0.9744505968168177
175,0.05589082758055883,0.0033283766485966955,0.07874366464942505,0.8474045901585584,0.01463254096285948
176,0.00717039879422364,0.003467247089992055,0.0035769695129957476,0.004210632958056409,0.9815747516447331
177,0.011995770964094791,0.9753670856746252,0.0030178836499830807,0.0065199362669079225,0.003099323444390386
178,2.9307635550722245e-05,0.0009650519172030782,0.0005880692066659282,0.9978108584786352,0.0006067127619466821
179,0.02124371165314826,0.011681992103058677,0.0006871462543880561,0.006658127409921035,0.9597290225794801
180,0.07360479588261164,0.004188279395444249,0.18857683415645923,0.28100705205001414,0.4526230385154721
181,0.009098076063798758,0.9617370295970514,0.01733850149457278,0.0077190783726105855,0.004107314471965006
182,0.13008085456633198,0.14198985840720244,0.4971898117032741,0.2107233621879307,0.020016113135261568
183,0.8243675925767484,0.025771390361217908,0.03701566618727949,0.1097604287047536,0.0030849221700016845
184,0.03938761334116811,0.9404889571931467,0.003961006978358817,0.00533777552575208,0.010824646961574065
185,0.9571214172750601,0.03876889505754411,0.003020060381127765,0.0005380242715586086,0.0005516030147100775
186,0.015921210445726426,0.00022469984423263616,1.6359175658513804e-05,0.983798129985301,3.960054908505666e-05
187,0.4657331620876702,0.13833317966535882,0.3630578505669947,0.030493343206660983,0.0023824644733147914
188,0.10651341225162557,0.8748002989261991,0.0062808632238756,0.010128699401151362,0.002276726197147322
189,0.009655166907315353,0.0008333336424672428,0.9347036414632608,0.010377569561440989,0.0444302884255158
190,0.0011384196157846833,0.3124469494409625,6.531288542021668e-05,0.6863157112573613,3.360680047476295e-05
191,0.006055694563952426,0.9918139757740996,0.0003355647893285165,0.001411604740251804,0.00038316013236884745
192,0.014105928775157565,0.003630860217655388,0.0042588575422713385,0.004667275372120222,0.973337078092797
193,0.4818835272561689,0.01928878506225854,0.010102905734893685,0.46326347217546926,0.025461309771207873
194,0.001038619117379415,0.9857347450676198,0.0011910845384686891,0.011216317850835838,0.0008192334256938963
195,0.004623244146901205,0.0014784237300373918,0.0032656371117487453,0.9901377555225015,0.0004949394888117606
196,0.0594447253947727,0.7279026926998943,0.10443443205364926,0.08864990615928585,0.019568243692397375
197,0.018834178691546122,0.03298036534042305,0.900742355866717,0.03361897401743287,0.013824126083880872
198,0.06136702092699877,0.0008574141068223896,0.001623044950436981,0.9345608239607596,0.00159169605498371
199,0.20305867814861536,0.11730266010240778,0.3749043628892828,0.083111397889507,0.22162290097018736
200,0.9728357841359057,0.008986083989050696,0.004388298434982219,0.006063254585720446,0.007726578854342968
201,0.4247928424429892,0.14416205312314342,0.08635182748205007,0.04166176620556092,0.30303151074625867
202,0.014365439571678074,0.983354222217984,0.0006052853296173304,0.0014887660956617891,0.00018628678505871714
203,0.006552913090382894,0.9924163454406103,0.00014371349148786222,0.00085124376166635,3.578421585338356e-05
204,0.009065814431691473,0.005211944991950422,0.0023674296489287687,0.9825571072391782,0.0007977036882493706
205,0.911045384742247,0.04086741180533595,0.03263020652929819,0.002045144476848008,0.013411852446274703
206,0.0020040320841886177,0.0011042342270938328,5.949143846511355e-05,0.996828327239415,3.915010836098382e-06
207,0.008944316183953922,0.002062357158377286,0.005354519059620689,0.982835523814556,0.0008032837834907725
208,0.003719554238983347,0.0016808865300770527,0.9702609663401192,0.020193239430332518,0.0041453534604881685
209,0.005774291736788762,0.9741400862597089,0.0008861605073577937,0.018549729103965743,0.0006497323921803782
210,0.9905746802840284,0.0011214527641778516,0.0020336032321675575,0.002733324297784206,0.0035369394218431227
211,0.9854485777920167,0.008935175371730171,0.0017172528090714128,0.0030816557882690373,0.0008173382389134597
212,2.972468046150123e-05,0.00045378319405983366,0.0009201479361788874,0.9984618678942674,0.00013447629503238824
213,0.9834040868666126,0.005592634466627426,0.007874992462984136,0.0009651807357902495,0.002163105467986213
214,0.015095736488029653,0.0010689806159160454,0.00541758408217466,0.7096760541456126,0.2687416446682662
215,0.012010648055641504,0.0977320076494533,0.005406208854275715,0.8821035428384971,0.0027475926021329044
216,0.04695134884356886,0.0009904314556679322,0.9469920145176297,0.0014236611485433477,0.00364254403459021
217,0.008784915908157602,0.0308584908484062,0.9557199542140509,0.0032995046118375767,0.0013371344175467385
218,0.3248038483618692,0.00195598169285118,0.4950611023465143,0.14766120586755863,0.030517861731204854
219,0.9604714206956317,0.012988870231627946,0.006225697405507927,0.0018916370870143658,0.01842237458021594
220,0.1420905003911575,0.0038086789428595637,0.8093795453038853,0.028220472271270006,0.01650080309082912
221,0.011924900198786169,0.004389989850118513,0.9303686403849464,0.004691779506444258,0.048624690059706356
222,0.00678358203904631,0.0031346304006540926,0.0019539538586988165,0.9872000573591859,0.0009277763424143457
223,0.010219341553854226,0.001743080768888013,0.002252586016990111,0.9845709520546813,0.0012140396055864875
224,0.10349031513828398,0.889150903281688,0.004596188746121511,0.0014154643133744255,0.00134712852053113
225,0.018348398091786768,0.12686765480967524,0.7886723732414147,0.06309990543688185,0.0030116684202395032
226,0.9766625387594029,0.013212015844494251,0.005995461455103991,0.0004463440186001143,0.003683639922400647
227,0.01358955060829725,0.7107585584442193,0.0012204739246171722,0.2741024276361175,0.00032898938675126596
228,0.0004820597861170103,0.015401296034489663,0.08042616497532568,0.901009924415244,0.0026805547888263735
229,0.5489972509261354,0.00040623035005308026,0.002006259665060071,0.4442762419722728,0.004314017086478487
230,0.008277455731992433,0.9906878432081442,0.00010981948687918039,0.0006714108155717135,0.00025347075741414155
231,0.007822410541592368,0.9899097196184777,3.661898987615115e-05,0.0009168503256734333,0.001314400524383561
232,0.03269857042270789,0.005603473695194792,0.029164740607604336,0.008439397214891516,0.9240938180596019
233,0.09959528802750349,0.07747585714437956,0.018496679570053094,0.7836323041210771,0.02079987113698781
234,0.046533931849106785,0.2646060066670249,0.01694241787110992,0.6625066083415887,0.00941103527117121
235,0.009634225809300023,0.003949801274174568,0.000453061037751543,0.9789579406297269,0.0070049712490437175
236,0.8376721012781847,0.0057133173051476865,0.034776739015567555,0.03402931995991162,0.08780852244118655
237,0.0012362173815338821,0.9916122627958845,0.0011146548632401615,0.005593787061287781,0.00044307789805316986
238,0.0751262096328348,0.0010684669765312256,0.0016557138500390986,0.0010007049147448548,0.9211489046258504
239,0.029538856263953674,0.013555558157357834,0.09194362113635973,0.857755114789462,0.0072068496528670195
240,0.033748617479292704,0.9503505293196167,0.0038810030387463248,0.011102226691815133,0.0009176234705280477
241,0.011988532907867756,0.009462497323208136,0.007911947555137237,0.0028144927432663105,0.9678225294705196
242,0.2811884295692089,0.5913780151955657,0.05900716655089233,0.015158864530059058,0.053267524154275776
243,0.005111956581851113,0.9943810807192718,0.00026283185539324093,9.061518882992956e-05,0.0001535156546552477
244,0.08443212406394907,0.07233867438413509,0.5168379850905765,0.320366796795107,0.006024419666231679
245,0.01923653887043059,0.13111666436250366,0.532886395256716,0.31407128433406983,0.002689117176281041
246,0.12542853956104985,0.0031138234641955283,0.08571345032501275,0.004156718752221349,0.7815874678975192
247,0.01538343976109865,0.5315557085759455,0.02770760389990725,0.3835771702327536,0.04177607753029319
248,0.8706825559428529,0.08457676529145174,0.004786724408395491,0.003554971486600792,0.036398982870702486
249,0.009992095737704888,0.978571867253968,0.0012822879013026072,0.0030206435483825177,0.007133105558640277
250,0.9946551274535481,0.003237381131115187,0.0007944872114927985,0.000968483837182747,0.000344520366660147
251,0.004077683410365272,0.0024368258459732217,0.01665866901706034,0.00018104346094027074,0.9766457782656648
252,0.7647277976164845,0.05620725372612156,0.10159662526327339,0.023583538268291456,0.05388478512582782
253,0.6035631212946817,0.014015234599209102,0.005668413342867968,0.37073478640763735,0.006018444355603176
254,0.0014469715065063215,0.002540741974376511,0.019850391759439083,0.9729798236278928,0.0031820711317860186
255,0.001646732127951167,0.0010183094153709495,0.0004142456493210208,0.9963045576411733,0.0006161551661833511
256,0.015870021033850292,0.0009004501171999697,0.005629256108133094,0.9763324635855848,0.0012678091552346703
257,0.01834755136386088,0.9521754930842501,0.0015025811487544977,0.024110772863307317,0.003863601539828929
258,0.002425096611173456,0.000890848636616156,0.007614785565444476,0.00044067295355364086,0.9886285962332153
259,0.25772963265377025,0.18931397174829787,0.43667655668146294,0.031481019157483844,0.08479881975898526
260,0.018477820552981902,0.0054306469685138576,0.011015052269916144,0.9604241562828073,0.004652323925781229
261,0.052307717594244324,0.00372826886207855,0.9067070305278978,0.00633591500321943,0.030921068012558825
262,0.02113431385715736,0.13581195495264023,0.22939640313444395,0.03730784480705665,0.5763494832487024
263,0.6869286810388262,0.25131469979988585,0.010435743877830674,0.020841043614813447,0.03047983166864441
264,0.025751778557565698,0.0028893146330052234,0.12408506370716386,0.0005005265375831835,0.8467733165646826
265,0.9608472543572142,0.005219700369190682,0.004251876789763337,0.018408878265820015,0.01127229021800822
266,0.0014971993408840955,0.0027037828132122836,0.9740412883864953,5.640919519094725e-05,0.021701320264218008
267,0.9885566725511158,0.0038615916004279493,0.0011692532660214862,0.001601174991049027,0.004811307591385914
268,0.7803802422547759,0.03789453323660856,0.041004494033879714,0.13583990477739522,0.0048808256973421355
269,0.03307334951435715,0.013526494040419333,0.9183485875646923,0.0292861894366503,0.0057653794438812045
270,0.023454834321485284,0.008986349282584065,0.022730273569159697,0.007628045898907706,0.937200496927862
271,0.2725660822951537,0.028517969948806007,0.09560929461106517,0.5837320805027799,0.01957457264219338
272,0.008825764384083154,0.0005215534743696231,0.00784519262163316,0.9718975448168679,0.010909944703044305
273,5.392634879970598e-05,0.0020141316022446575,0.9279932364208303,0.00046757166338573167,0.06947113396473643
274,0.0746450342243951,0.1803499792304968,0.1502970771162541,0.19981800603095062,0.3948899033979025
275,0.25560924126178214,0.049825039031322,0.6425712594852714,0.023492386923130052,0.028502073298492393
276,0.9644299897345419,0.003636961246979728,0.002229722664949241,0.001842385284632806,0.027860941068895514
277,0.0017239284547133748,0.994649233228799,0.002292321940007063,0.00034400156620238557,0.0009905148102806861
278,0.4468469559774149,0.5089341999945738,0.01302281081523376,0.026395413094070504,0.00480062011870864
279,0.015517235393369333,0.01698265331980212,0.0031194459700532545,0.9627732637720405,0.0016074015447353324
280,0.0490401176182933,0.004924392529584025,0.012369299666855404,0.9251101811900765,0.008556008995189218
281,0.013100415547297519,0.9769959451539751,0.004696243784021878,0.004457207781097644,0.0007501877336069367
282,0.0009477050279089638,0.9811228766977274,0.000176728765821527,0.017496176785593107,0.00025651272294977413
283,0.006162811984766591,0.0009248059996350453,0.974083937404545,0.0006868344367509664,0.018141610174303772
284,0.6098308962256285,0.02673778798973292,0.10090945710064804,0.12008694461197546,0.1424349140720154
285,0.002959792335154056,0.12788845903205973,0.0003830409068469097,0.8678309502640915,0.0009377574618462835
286,0.004799968029220101,0.0006027685657020753,0.00011192114032163243,0.9941329535752303,0.00035238868952556515
287,0.03111249422441742,0.002776003799563199,0.5478645453395882,0.011105845237953728,0.40714111139847825
288,0.02267846718376831,0.011410254632067034,0.9650367013615316,0.0005257658737212019,0.0003488109489109706
289,0.011104726502778125,0.9824181199267952,0.00023692540530772054,0.005483534091590843,0.0007566940735288121
290,0.033238590757167744,0.005316190672179522,0.027806650705172607,0.9176264406034083,0.016012127262070432
291,0.06364002569226201,0.029540257746623277,0.8794747145718298,0.025779237124244417,0.0015657648650416792
292,0.0009691479854657404,0.983462956186345,0.012248450565039492,0.0019942659640420635,0.0013251792991083285
293,0.14266216800202325,0.43256510012239907,0.3411641434662485,0.03618851816061311,0.04742007024871476
294,0.931242264837807,0.033305317375614825,0.004268256453968783,0.005517516645323041,0.025666644687288923
295,0.12680236500875783,0.8653544765839084,0.0012880269513995755,0.005628114946677399,0.0009270165092561227
296,0.046757087464247456,0.0013977356589043347,0.7309032010597751,0.1928485923780042,0.028093383439067518
297,0.005546301591035302,0.002442348704757603,0.0066554294215899834,0.0067220207049651015,0.9786338995776501
298,0.04568504449482736,0.005718000268257995,0.03537271308210725,0.9127129536638556,0.0005112884909497157
299,0.045094866810155315,0.2444140790856277,0.0785263084202655,0.3826111436948993,0.24935360198905404
300,0.010923551580221229,0.9889124878066332,2.8535162251505976e-05,2.728848854907191e-05,0.00010813696234242402
301,0.04916596098527302,0.07023972246360444,0.03550665356065588,0.346907707994525,0.49817995499593803
302,0.0077745835296027434,0.004837045227752748,0.9814490298896694,0.004093649238759967,0.0018456921142141565
303,0.5651076444603299,0.04250417561213772,0.03623657033558669,0.013417420578470528,0.3427341890134779
304,0.9511923094498709,0.004899317889432015,0.0246792581102931,0.007902841176371694,0.01132627337403393
305,0.058570959988670526,0.038297894091000824,0.017171359620061423,0.009594667687551265,0.876365118612716
306,0.0573120026507804,0.002131879862085206,0.0058750660056259285,0.0034151838726184575,0.9312658676088905
307,0.0008551682059918562,0.9966739542556294,0.00080019498157869,0.001571753174392655,9.892938240747777e-05
308,0.006756725040446518,0.013913319689201982,0.002289139482498527,0.9770313141179593,9.501669894741752e-06
309,0.8289348464672752,0.07130527445220186,0.04886424622528308,0.029359868573347495,0.02153576428189426
310,0.20976759005370182,0.16378465022929942,0.24490206749292087,0.36042576288878136,0.02111992933529931
311,0.16931626005746217,0.01911778180795976,0.1970749409933168,0.5946113767425982,0.01987964039866449
312,0.01909980191690314,0.0019799438516664835,0.004646593519232952,0.964494583159399,0.009779077552797132
313,0.0018290534656958553,0.0007454163317678865,0.9955204739935053,0.0007087686562746831,0.001196287552753545
314,0.02004232404306526,0.0005775173469869574,0.013569843720955054,0.0006299688203586244,0.9651803460686341
315,0.019754253906337952,0.9540007062633681,0.02079680930360801,0.004431701323226889,0.001016529203459523
316,0.1592430674887041,0.8068279710254043,0.010810994111195316,0.010608762349043161,0.012509205025653553
317,0.7969572774433107,0.15587734161203348,0.030436583365473998,0.005562464123419881,0.01116633345576206
318,0.04103090017410166,0.0016468123669599296,0.01038074917751333,0.9456001467821561,0.0013413914992708325
319,0.11677000625907762,0.06652981480865897,0.043615930448835556,0.018169561045275038,0.7549146874381509
320,0.0014035091067661253,0.005814726352367436,1.7193525095635057e-05,0.9916949930392357,0.001069577976535528
321,0.7660214465814167,0.0017221008457021082,0.029273886583679135,0.11440453004388504,0.0885780359453161
322,0.0167603710662518,0.06647712515515654,0.6893248820880925,0.004889036030227382,0.22254858566026997
323,0.02681848864376464,0.006267425113554514,0.8259601104452464,0.12045171992069731,0.020502255876735438
324,0.7034758379497658,0.21775690889410965,0.016341425271753453,0.003926246727388418,0.05849958115698621
325,0.017378449100465918,0.04341679991093077,0.00816411908832136,0.9300033436661973,0.0010372882340844184
326,0.2114583256116169,0.015022097698451455,0.7073863155167397,0.023776746374997215,0.042356514798193995
327,0.8777176519549985,0.0073985813463631695,0.014727605084571953,0.020518516438537932,0.0796376451755297
328,0.00485595731668039,0.012912947802940729,0.011252231193782637,0.9703264343448617,0.0006524293417349768
329,0.025395601526039605,0.0061366143169768106,0.004254110650571846,0.9628195791973859,0.0013940943090261064
330,5.021789843161089e-05,0.9881485459615643,0.00166775737745878,0.009458485974252319,0.00067499278829419
331,0.09674718813292729,0.011127529029077076,0.003890921105792157,0.8876557362888302,0.0005786254433721967
332,0.0026046123930535564,0.9933168989038136,0.0010674654754908154,0.0027771358907520724,0.00023388733688893304
333,0.8674119195115613,0.021343576958934025,0.013410664027591829,0.01928223638836447,0.07855160311354935
334,0.31245885126454953,0.24055698683651403,0.11576312783452182,0.10523929284145549,0.2259817412229577
335,0.004356325748029388,0.9917347659243078,0.0009565642778798761,0.000897301092634535,0.0020550429571487942
336,0.004383857479894788,0.0007036899989549474,0.993681280698755,0.00033940137406970455,0.0008917704483273734
337,0.02877023077273999,0.17805031150755704,0.0047066664237180745,0.7782621801670245,0.010210611128959955
338,0.03431439206962426,0.01829162017326508,0.0034990136346094007,0.9108332399113762,0.033061734211125876
339,0.0031960795419252517,0.005754864033754847,0.01416381195944874,0.00040867206949059335,0.9764765723953797
340,0.006874078665277141,0.002325072794746873,0.010613266921157346,0.9800821014591548,0.00010548015966468962
341,0.9905320563146802,0.004227097095564818,0.002342694893556776,0.0022476252376670133,0.000650526458530237
342,0.008061946946945727,0.005989788930285734,0.025498640034456763,0.96022054779603,0.00022907629228125818
343,0.006179368904525326,0.0004200111290228195,0.9608537551185865,0.022137693009155714,0.01040917183870835
344,0.0005094038918020363,0.002199359346711607,0.9908685540688559,0.00026853165737557717,0.006154151035251527
345,0.019680047469738768,0.0023416530404000795,0.028491907670726572,0.0020748598359176832,0.9474115319832156
346,0.3233294916541689,0.06590668245460689,0.592244308372923,0.00839906898440189,0.010120448533899214
347,0.10345453432138153,0.005762735384935147,0.0033204994738003477,0.886561086980602,0.0009011438392810249
348,0.0364929503194237,0.007855743742344101,0.06177715138592224,0.16108548183485974,0.732788672717452
349,0.003213363460617706,0.0030436834278411515,0.9762083952525983,0.0019633637653400384,0.015571194093602336
350,0.0033581113703204514,0.995054145944659,0.0010559604665799879,9.507936693584498e-05,0.00043670285150158893
351,0.9871910860876614,0.0028045289988418,0.0021389917005320393,0.00628922632882824,0.0015761668841384835
352,0.021382440817595428,0.0018057488608843478,0.006838172930945505,0.003243682343359382,0.9667299550472124
353,0.009929704295963314,0.004267526521172361,0.011095891480631968,0.9727358116867755,0.0019710660154559916
354,0.04837611125016856,0.17593233969732658,0.7638134801943238,0.009225912167330211,0.002652156690849106
355,0.6642456992384104,0.2714162708957961,0.009804916636821606,0.010420871837918599,0.04411224139105303
356,0.029868062585537324,0.008741255248440293,0.023470155646955225,0.9221231534104657,0.01579737310860155
357,0.09792192127064174,0.8809960704363021,0.008380302550351324,0.006890032549347009,0.005811673193358324
358,0.7653707227211192,0.15841064697655713,0.016158131116060376,0.010905038896386061,0.04915546028987834
359,0.7301490758477907,0.08026504517045513,0.09721665550169047,0.008001862517707098,0.08436736096235756
360,0.0026562414982292445,0.0005249852708062922,0.003929413347696898,0.048197192299399866,0.9446921675838716
361,0.016488675795157375,0.9358329818247817,0.038970421475391134,0.005231514562791082,0.0034764063418774092
362,0.3841223978346543,0.019527237656828175,0.35390350369459495,0.21206039710053196,0.03038646371339243
363,0.05254237140471495,0.014666059306963282,0.6742849949978061,0.2526428137541039,0.005863760536412113
364,0.4561289478725955,0.1191326522642501,0.3815826058047944,0.018490588876428325,0.024665205181932028
365,0.009224437393855646,0.008315456897217808,0.9619800455160036,0.004665489518849383,0.01581457067407037
366,0.0726024364786246,0.0038321499050728625,0.7276496744366754,0.007226760548383726,0.18868897863124265
367,0.04447699567747344,0.0434643428205334,0.0279848163977351,0.87304886188226,0.011024983221997273
368,0.32424250467599597,0.2804313620667112,0.27260617552869637,0.10635220239970486,0.01636775532889135
369,0.1358918445028906,0.013317704968611415,0.015187960157666007,0.006110729831715857,0.8294917605391151
370,0.02866715236128248,0.001393059208193279,0.13636304820886005,0.0042795050776636276,0.8292972351439999
371,0.005776448071101117,0.00046332767315734603,0.0014038742161052668,0.9903880964413102,0.001968253598326648
