index,0,1,2,3,4
0,0.07749075787038463,0.6174370142792204,0.08533335738076618,0.21512557697782586,0.004613293491799915
1,0.03858474985010804,0.936001974144598,0.004651398051262277,0.015103467648279979,0.00565841030574917
2,0.968359856473111,0.003970167168055067,0.0013509674483911972,0.005823988351938508,0.0204950205585077
3,0.0051062389796983475,4.22469048708098e-06,0.9759347650822349,0.000225955480595375,0.018728815766991362
4,0.7973126821681235,0.05953865771695599,0.07590114558301496,0.06038923625869863,0.00685827827320819
5,0.0367858249407528,0.0008036342080330358,0.02972501023137561,0.9245938920689567,0.008091638550879004
6,0.250040626089608,0.0007937159059703273,0.24132847826115236,0.4591659078812787,0.0486712718619959
7,0.8485550606200803,0.04107914321982706,0.051935224883751414,0.050767896744301357,0.007662674532034543
8,0.8957349454737173,0.0026125051638061776,0.09930138387516081,0.001568701194799712,0.000782464292521321
9,0.3125146597885632,0.4592604493145245,0.02074498955317772,0.19934706724085766,0.008132834102873137
10,0.04097136738950036,0.0002799434701987027,0.005394140464524383,0.9483786203695986,0.004975928306171944
11,0.030681298731559486,0.008169982138890445,0.012187649567427915,0.0007357893936540361,0.9482252801684746
12,0.00010779650110519367,0.9998792647780825,9.815711407091652e-07,1.180542399892836e-05,1.5172568589438576e-07
13,0.033338943687912806,0.13316197264853616,0.8205670491001684,0.00215184632131972,0.01078018824206536
14,5.822574520271974e-05,4.294184562756496e-05,0.9996993767871485,9.561074967585735e-06,0.00018989454705071367
15,0.2493642724217406,0.00041707107270432827,0.006614755821671666,0.7098659247764715,0.03373797590741646
16,0.33605346966934474,0.0016879047460562362,0.5395756372603752,0.10467033707165835,0.018012651252564325
17,0.00019078739177882934,1.9504580405725487e-05,0.6480181269633462,6.112794586614862e-05,0.3517104531186036
18,0.003403640637361014,0.0011681745409602314,0.003479556353881509,0.9917658999633167,0.00018272850448539137
19,0.018248544969187434,0.37026333532829964,0.1378788608151547,0.09938508692647448,0.3742241719608863
20,0.004710873610416113,0.00021621463821929374,0.9563907961541138,0.002670852110273656,0.036011263486990394
21,4.195110011778821e-05,0.9999026007356282,3.3132205420233854e-06,4.733731846649537e-05,4.797625239474006e-06
22,0.6044194291088296,9.956810373852578e-05,0.014999245204290216,2.071493510245665e-05,0.38046104264805
23,0.10492808939017413,0.19744418053626292,0.09005925203403713,0.4929473271141062,0.11462115092542417
24,0.036857317503422936,1.7221881835348626e-05,0.029814021088761435,0.9281441940107253,0.005167245515259758
25,0.1363632022515769,0.000541133742194748,0.006894805781644593,0.8547572239943144,0.0014436342302748559
26,0.00011497750653038303,0.0003207669899992017,0.0009226208493212463,0.9985879200416459,5.3714612497043957e-05
27,0.001252029703364508,0.012363356146808823,0.9824602460600528,0.0001985651019433162,0.003725802987828103
28,0.9923386741996961,4.5254459488313186e-05,0.000634750241450696,0.00011416872825802346,0.006867152371110129
29,0.6326307347620633,0.06451707861282789,0.26271849680970133,0.031169584276868056,0.008964105538534908
30,0.0015374411446864944,0.00015705891701914542,0.0006569604944079021,0.9974519366640118,0.00019660277988114297
31,0.048576015535120455,0.13588322772487058,0.7393546816894274,0.0555162441291042,0.020669830921483466
32,0.0026607945653869384,1.178246779862118e-05,0.0003698761457658906,0.9969207585573328,3.678826372849774e-05
33,0.9816706666603101,0.00020546693851386695,0.0012371427638913465,0.001139268614777285,0.01574745502250241
34,0.15828378972561424,0.01646548127872334,0.045911402055261556,0.7726462562539378,0.006693070686458887
35,0.0012484364814481037,0.9984229587671783,1.4808650386821703e-05,0.0003066616493282147,7.134451656640125e-06
36,3.178475722138821e-05,7.29544969555064e-05,7.316638024999682e-05,0.9998058447065371,1.624965904953265e-05
37,0.011782923679154601,0.015189637236287953,0.11792306394254101,0.05093817456801569,0.804166200574001
38,0.0001771674735933258,8.548260439359351e-07,0.0013029656331935353,1.3213296252804257e-06,0.9985176907375419
39,0.06535291405783195,0.003124979078304649,0.04056570712562098,0.4683829534894403,0.42257344624879767
40,0.05690994277166728,0.11727580202503128,0.5320762903043748,0.1527113362876045,0.14102662861132698
41,0.029578522412525635,0.9159682902702608,0.011050429687895743,0.040001137184100664,0.003401620445218817
42,4.280391786435292e-05,4.531717718742137e-06,0.9941845937348475,7.918606909394178e-06,0.005760152022657315
43,0.22310705452837246,0.6507129617232279,0.03101265800490599,0.06734106007427054,0.027826265669217018
44,0.03398519546953306,0.9118223454268454,0.0005868479648091981,0.04114778444352118,0.012457826695284958
45,0.002090336251185078,0.0005459199213936925,0.9852579783544132,0.0006621004459987159,0.011443665027011022
46,0.9826532440893142,0.00022508206852262807,0.01082344103254372,0.003935506829940234,0.00236272597967566
47,0.0021157627712149046,0.003851930520055176,0.010532890770278722,0.9829990212212159,0.0005003947172403016
48,6.186903443201134e-07,0.9999925238217682,5.0764920813620075e-06,1.472341630289419e-07,1.6337616490755905e-06
49,0.0012917977682737514,0.00427206094662419,0.003934683096714805,0.9883244280081004,0.0021770301802929723
50,0.0006559632821123332,5.2711676999590926e-05,0.05124127163808285,0.0001694109435538108,0.9478806424592502
51,0.07799806078399997,0.11465719657536158,0.2436318357609691,0.02874555842547842,0.5349673484541893
52,0.011341183658903426,2.973315650775469e-06,0.048407086677415785,0.0006119074079515543,0.9396368489400764
53,0.2438739975980852,0.0008569413680965966,0.16862837128912672,0.018718429013343273,0.5679222607313498
54,0.012997374403715742,0.006078450338075613,0.12167838960260798,0.025960318914386406,0.8332854667412093
55,9.855455721763514e-05,0.9998969929540452,2.798806004797623e-06,7.854208558393892e-07,8.682618706437485e-07
56,0.0028903673749247957,0.0008216702746206856,0.001008405725014167,0.9926809119523463,0.0025986446730937754
57,0.04241946566218999,0.00014639864789244423,0.03893128378469869,0.04016492068424294,0.8783379312209824
58,0.08596646313166945,0.005005889458486963,0.05797255946832538,0.2567627330713767,0.59429235487014
59,0.016393268552647042,4.385445674345074e-05,0.9765397005252585,0.00014309276941382892,0.006880083695934582
60,0.006129636831674634,0.9938350483531124,1.961145396643813e-05,1.4967152529600955e-05,7.362087148953149e-07
61,0.04766111872483061,0.6075692890757932,0.031079020514146096,0.3000902718864876,0.013600299798736254
62,0.011911824061439162,0.0007535958380726636,0.0019933985864940165,0.9809385133522868,0.004402668161707561
63,0.0073311889729997595,0.0019137550545972003,0.9804990866726712,0.008555400861461558,0.0017005684382690569
64,0.0017103519508393113,0.9971834830806844,0.0005854736411610074,0.0004946436496433024,2.604767767506321e-05
65,0.011008461409281158,0.0008516244109241781,0.865330130339705,0.020170180127437983,0.1026396037126451
66,0.0015388491955073118,7.22927235628357e-05,0.0008374050368749501,8.164496932676899e-05,0.9974698080747332
67,0.013061405192324462,0.0007606124401821356,0.8817692390743099,0.06429243615188344,0.040116307141297776
68,0.9193924242468722,0.047951247892929344,0.00729436409821688,0.02429494841451699,0.001067015347463197
69,0.0012405543947858557,3.316283094597851e-05,0.0001677690538128428,0.9984601078131623,9.840590729019105e-05
70,1.8624190015098945e-05,1.4051236132370206e-05,1.7224453695329725e-05,0.9999456666343756,4.4334857677673065e-06
71,0.002186179548758602,0.0002735535800313811,0.8598621386355909,0.0005446617260434376,0.13713346650957045
72,0.0007786081151308289,3.5443160995051525e-05,7.949636030840662e-05,0.9990996119195735,6.84044398662778e-06
73,0.0026899734316433136,0.001985133928413712,0.9704893856750973,0.021858255703248477,0.002977251261599419
74,0.00011540703490713846,0.9998582197567791,4.4560177827768145e-06,1.8044734097377286e-05,3.872456436355606e-06
75,0.0007885352459805594,0.00048803044248823223,0.00021535643413323675,0.9981924678569737,0.00031561002041182405
76,0.020273286482091004,0.002763994135314938,0.011098255333313647,0.022479659004808177,0.9433848050444833
77,0.9802529753458341,0.002277799416336319,0.002734657431594394,0.014038002539003733,0.0006965652672356313
78,0.0223092547790086,0.016346241915032006,0.10133192617478272,0.032843691877238054,0.8271688852539432
79,0.07563795988766402,0.8441120706609974,0.010739321285949776,0.02605112798245128,0.04345952018293796
80,0.0017967791659834328,0.9957517148460054,0.0005950768648790329,0.0017340290906159108,0.00012240003252431367
81,0.0019354645337380679,0.0007415033711292681,0.08055486849552035,0.0012294120060326612,0.915538751593575
82,0.0870016597242686,0.016959581577403363,0.7835541244323019,0.07676683744902424,0.0357177968169983
83,0.0037530494533280136,0.06302249722219908,0.007264463289936523,0.9245505150857493,0.0014094749487936738
84,5.566064295754499e-05,1.9829579995546273e-05,0.999521973038982,0.00015347869160024032,0.00024905804646097317
85,0.003382940086598905,0.9938641490167374,8.612924542319335e-05,0.0021608280728519203,0.0005059535783855006
86,0.06963761211127317,0.0010583669839629186,0.022480912505028056,0.9052161094371748,0.0016069989625542057
87,0.00016622530390869003,2.2683199106422945e-05,0.9939649176646759,0.00027644068948229724,0.0055697331428379545
88,0.043110900001764416,0.020248897630264377,0.8840224243122548,0.05231963125630114,0.00029814679941045656
89,0.002402375994956847,0.021034829208571096,0.00223354086861493,0.9742604537516619,6.880017620806088e-05
90,0.17552240522263782,0.003764037890707029,0.0038907244088934047,0.8141332831536334,0.002689549324124866
91,0.04600337939930422,0.7737825205589274,0.14760484491888215,0.0024204109221025506,0.03018884420078197
92,0.14048836905651377,0.001385348371012812,0.008466948240369313,0.8492353777744334,0.0004239565576675334
93,0.0020154548284476684,0.00011005653883150149,0.00011572867764241785,0.9976959114096038,6.284854546759014e-05
94,0.004390039038217585,0.0007337099218274619,0.011992247022159168,0.9812730193389236,0.0016109846788779972
95,0.8592050972718634,0.0015445841886092388,0.0009111915428279255,0.13628347285934053,0.0020556541373604863
96,3.981456591950327e-05,1.2614538619973528e-05,1.895919097914226e-05,0.999926813691033,1.798013434832873e-06
97,0.4422131838580932,0.002118741295846934,0.04034039752314343,0.5101354869666472,0.005192190356274893
98,0.008674463528531906,6.812919478383184e-05,0.03224054825157142,0.011701845416594133,0.9473150136085174
99,0.00015530743685041566,0.00014835813587163696,0.0003571156820928834,0.9991942747900819,0.0001449439551075834
100,0.011773225885168577,0.0009344261883996848,0.93690175486679,0.04762457407429951,0.0027660189853401826
101,0.9554134984188166,0.03404743815029169,0.004988266685214412,0.002874645827785887,0.00267615091789515
102,0.0011434636511562508,2.242697125728634e-05,0.0002396737357019715,0.9984910720889335,0.00010336355295509924
103,0.0044994944059286775,0.001000048908570875,0.9930441376397044,0.0006439970411993017,0.0008123220046021418
104,0.8620406962670943,2.1638237245194456e-05,0.05490540524830494,0.0018183315661608542,0.08121392868119934
105,0.0015966516547526138,0.9970371915094478,0.0003235217899344264,0.0010358952739534597,6.73977191322629e-06
106,0.10032173305740004,0.8319070127107304,0.025505628540249792,0.03668757408766872,0.005578051603947948
107,0.003004396857936823,0.009498886399478637,0.9837843543678534,0.0025190592720355947,0.001193303102700732
108,0.0014281359478644869,0.9984590818805001,1.0248343659388128e-05,9.877464949059931e-05,3.7591784747165128e-06
109,0.0074404163970547945,0.05007643970797389,0.7113660387290041,0.21703761908952476,0.014079486076443134
110,0.7124183699308451,0.005225156655122221,0.20579350513177602,0.07159127495410003,0.004971693328148586
111,0.020625021054453394,2.0495479328580662e-06,0.0018332917529319697,0.9773320781264285,0.00020755951825918926
112,0.005576275492943435,0.004980190273972755,0.0010619200181755388,0.9883242713852072,5.734282970542345e-05
113,0.05294821607439325,0.000128738299962913,0.9408321622868231,0.0013494313338449375,0.004741452004972689
114,0.0013939880425823698,0.00016601126707861777,0.0002718664868290588,0.9979628034043594,0.00020533079914390493
115,0.0833278434673984,0.11720259822873295,0.3114775008954715,0.1018807370164848,0.3861113203919182
116,0.014164477987807988,0.000942081822055962,0.16333782384883794,0.003548126886151145,0.818007489455141
117,0.9878510667642262,0.00041371958461226653,0.007584056867760439,0.000455452957921171,0.003695703825475555
118,1.7109018231301297e-05,2.8865967708364894e-08,8.393621241211546e-07,0.9999793139683677,2.7087853051888724e-06
119,0.010153009055015101,0.9828271517491763,0.006736577949531165,0.00010795539999369571,0.0001753058462880345
120,0.007013390063996442,0.008532350553453928,0.009039693141077965,0.005885501858346996,0.9695290643831317
121,0.0006960108545596582,4.237317689820515e-06,0.0002259157112861803,0.9990696651244857,4.1709919678389825e-06
122,0.5000866059598046,0.4077666713135928,0.08420323332074799,0.0005079033064043324,0.007435586099443344
123,0.5261319871424674,0.0712869795404253,0.12794038424920018,0.018256869163797294,0.2563837799041102
124,0.0006499899786783226,0.9978949138230209,0.0010381008754038821,0.0003390457290068626,7.794959389190898e-05
125,0.0014322800436211236,0.00010568126455730151,0.9983023074735385,6.369834791747329e-05,9.603287037261264e-05
126,5.227374379746121e-05,0.9999286765165436,3.6103749325078736e-07,1.7826882875729595e-05,8.618192840420744e-07
127,0.9509014835361643,0.0011728445096289117,0.004974874719107285,0.002513898614006059,0.040436898621095355
128,0.002709549068661637,0.0003189345038399879,0.00864005156465579,0.002100565118165382,0.986230899744671
129,0.0008858060594016993,2.0726471451577756e-05,0.0022470988118646973,2.7321969255579953e-06,0.9968436364603569
130,0.004662607395130276,0.001923137745740908,0.9674796101367095,0.02109069080447001,0.0048439539179490525
131,0.008453107741213025,0.001337247741030767,0.0016025166223518062,0.979451089358689,0.009156038536709906
132,0.029073478301852845,0.045247549572735135,0.0030611449796239913,0.9167210704501315,0.0058967566956532195
133,0.9913740630176291,0.00133312216690745,0.002073557190498061,0.004234004403208431,0.000985253221754231
134,0.3296415119751694,0.04647959214625226,0.38033159159814117,0.19492429756749563,0.04862300671293946
135,0.15123733581289478,0.0039978342541402735,0.7100692505326278,0.06135674321655879,0.07333883618378358
136,0.88624457908307,0.008865116853858638,0.07087348517660191,0.004120605823641252,0.029896213062827463
137,0.000612395476077993,2.7092215651374773e-05,0.0010822251929336053,0.9981095324162861,0.0001687546990514501
138,0.820869843068675,0.027915069743139617,0.08422501531900223,0.04898096815699355,0.018009103712186243
139,0.010070225531626176,0.0005823962955998127,0.0008374031461136929,0.9880002974700594,0.0005096775565993514
140,0.14006413400837175,0.019452840378864775,0.01660457218995212,0.005519368170627264,0.8183590852521807
141,0.15864627019450692,0.19649055875246882,0.016367726746444385,0.15497725070465004,0.4735181936019283
142,0.0003336294309522646,3.372227856406506e-07,0.9875194108287418,3.132922013116403e-06,0.012143489595506018
143,7.064484030482808e-06,0.9999879389316148,7.683541897528225e-07,2.9789501704533524e-06,1.249279998278566e-06
144,0.9701177053320009,5.632826078574741e-06,0.021171825242499918,0.007822212948491019,0.0008826236509351318
145,0.27331804447629554,0.024209341757570172,0.011603334971223955,0.03021065818182897,0.660658620613075
146,0.009489943095888478,8.177390215199142e-06,0.00016165367808937953,0.9885091852150004,0.0018310406208035942
147,0.04569281645797562,0.0037298376691862695,0.3576142175891181,0.27956700136348284,0.31339612692023183
148,0.008799200136271603,2.379061841946778e-05,0.00023201700474263543,0.9904050550803057,0.0005399371602606922
149,0.0015406319975016741,0.00046541697384572066,0.0002895864385403506,0.9973577155979324,0.0003466489921847605
150,0.2642227528219528,0.00042036119524747347,0.0818291700354515,0.6498712390980553,0.00365647684928952
151,0.0016987128372937246,0.00025751938356037546,0.0024654291010241633,0.9905810852278917,0.004997253450230394
152,0.0035085501733153864,0.8998963348538319,0.07003445861711201,0.002538106971269807,0.02402254938446852
153,0.008095498001522263,0.0032810006139159117,0.011424781605586772,0.9760112247084188,0.001187495070562765
154,0.017845636633748014,0.0037327371944027377,0.8453327778181634,0.13047468276430957,0.0026141655893813023
155,0.9792663551385477,0.0103709843095781,0.005071497320320629,0.004098456619083658,0.0011927066124721663
156,0.00046137579786201076,0.9993367045697422,5.171442110281002e-06,0.00019134398283881656,5.4042074459878755e-06
157,0.8183525622888125,0.007675769436756949,0.002554118245694824,0.08997833346304639,0.08143921656569152
158,0.06273372905715824,0.6080585511295277,0.09735189503423232,0.16225408721504003,0.0696017375640365
159,0.0005811681984720247,0.9990703241564772,4.71093201445401e-05,0.0002469276940220612,5.447063087769061e-05
160,0.5178579654798204,0.007529805661158126,0.11433122384734551,0.11449536072051379,0.2457856442911631
161,0.026287825740269066,0.9714415826965133,0.0018317307900861063,0.00022018608816734626,0.00021867468496217558
162,0.2585630298547668,0.143242504878745,0.1811739393098196,0.10384211591771621,0.313178410038962
163,0.2821112725583869,0.0057737469392532,0.1470250831838142,0.11876607225964238,0.44632382505890106
164,0.05685967647471577,0.9098067770820772,0.016971325928299773,0.013712930798411072,0.0026492897164958396
165,0.0009332081926922176,0.998492327576449,1.2176105690602198e-05,0.0005436519325304163,1.8636192643584403e-05
166,0.014552422217241847,0.00022230743277267705,0.029475479390583103,0.001118121693121445,0.9546316692662776
167,0.036570685896131445,0.0004731736275512438,0.9427211512463967,0.0022210133002610924,0.01801397592966438
168,0.4631978293315137,0.1700899282015284,0.008336987870969379,0.3493213822542047,0.009053872341782598
169,0.12157280901600952,0.012249614903184018,0.010576680297269419,0.0016334888162761634,0.853967406967251
170,0.13543282956936922,0.5733664623538157,0.26176336767323527,0.028061761414586096,0.0013755789890008178
171,0.20544446151277548,0.2980966993835964,0.02810991435362583,0.3867001321037501,0.08164879264625477
172,0.05228901944058985,0.9162806748882565,0.0143589916333812,0.01640718657572092,0.0006641274620585301
173,0.0006401654693139335,0.9985240748219864,0.00012854631140657788,0.000517572041178559,0.00018964135611998503
174,0.002814220582211607,8.278435701585917e-06,0.00549737397119452,0.002199550741389117,0.9894805762695039
175,0.08369295412370772,0.0006259706206631575,0.12711478645086144,0.7692246234177734,0.019341665386997487
176,0.0011414846132187986,0.0007632559657964213,0.0034370542284994686,0.0005962255507024436,0.9940619796417784
177,0.0005543462600130242,0.9978045613502065,0.00036717657615493077,0.0011247901211639808,0.0001491256924588784
178,4.9130163101835075e-06,9.658587201722884e-05,2.241210886821388e-05,0.9998597580686219,1.6330934172009504e-05
179,0.002210010846801483,0.0016537104573141378,0.0003950027371848706,0.001109026466155218,0.9946322494925417
180,0.10394432992415914,0.0012049223694018017,0.15381553323530656,0.19701416407030192,0.5440210504008306
181,0.002400690627141841,0.9871646653808968,0.005512788782939803,0.003596935536066013,0.0013249196729605874
182,0.18383437821204202,0.08263559774788316,0.5153026732345309,0.19772615177793795,0.020501199027604222
183,0.8618559243616389,0.014193847360276842,0.005266143185659856,0.11788979178550708,0.000794293306921216
184,0.08297601116233153,0.9041162364711242,0.004227244665458665,0.0065824638421848785,0.00209804385889529
185,0.9956746119840622,0.002162769212580179,0.0014589043483355785,0.00036067114259029603,0.00034304331243164275
186,0.00039230166081978047,3.604212928057693e-05,7.702261896547401e-07,0.9995703482359567,5.377477425622419e-07
187,0.6422026102365559,0.03366773953503161,0.21899787004078952,0.10123150806603234,0.0039002721215954956
188,0.14861403280770866,0.8248201655968311,0.014743046198631057,0.009023255646790277,0.0027994997500385265
189,0.0066195324212704135,3.7503744278370905e-05,0.9598500976973268,0.01681201434151273,0.016680851795606817
190,0.0010456770163937963,0.019673968189901737,3.818485597512786e-05,0.9792370662713231,5.103666411108841e-06
191,0.000133472514680149,0.9997987135444886,1.890834452892967e-05,4.2727916549439216e-05,6.177679753434972e-06
192,0.0012766163566930529,7.484542322472625e-05,0.0004799662493555845,0.001739177128452048,0.9964293948422732
193,0.48469171152175305,0.011475689421320226,0.01333486222176189,0.44221047027834715,0.04828726655682007
194,0.0006025821056061979,0.998440410794591,6.139506404441631e-05,0.0008540316385285909,4.1580397219680276e-05
195,8.190466179467256e-05,1.677366642545398e-05,8.622386319001985e-05,0.99979966577705,1.5432031540785023e-05
196,0.06769281019860279,0.772694163141371,0.06177508841238149,0.07465869448219324,0.023179243765457755
197,0.013520664433025215,0.010874006146499459,0.9235358380890745,0.044103130512021534,0.007966360819376767
198,0.0035368817156963177,6.897699420758366e-05,0.0013971539635249722,0.9942112848056467,0.0007857025209293482
199,0.2324325483419917,0.030228632473621928,0.6033719144146268,0.040676158008929805,0.09329074676082406
200,0.9727212961944469,0.01477267179205335,0.001846761994421432,0.004825309195687334,0.005833960823387536
201,0.6735920332586697,0.020846874782745092,0.037242321680902614,0.012258058077237734,0.2560607122004476
202,0.001711383217554905,0.9980528524416329,1.4798263132819702e-05,0.00019831649155637048,2.2649586121429507e-05
203,9.736029328048441e-05,0.9998954246253993,6.974731541390725e-07,6.469223270484475e-06,4.8384899127881193e-08
204,0.0010828490417807278,2.1832423314587566e-05,0.0011503483629089776,0.9977135619460914,3.14082259049749e-05
205,0.8971905184732011,0.035800381480651886,0.04743739166931105,0.0027690078639056614,0.016802700512916078
206,0.0003437303504426528,9.462923756117397e-05,3.454144412651658e-05,0.9995228015078621,4.297460012017905e-06
207,0.0010442087712647775,9.733499822300859e-05,0.0007562829118815714,0.9978382939715752,0.00026387934705173155
208,0.0023155708908586983,0.0001498315401018109,0.9921423809645384,0.0026399795470638016,0.002752237057451519
209,0.0003985802449063849,0.9985631515335257,3.5298693545892205e-05,0.000941576238895878,6.139328912045509e-05
210,0.9985052823799896,1.989790728580286e-05,0.00029203853410467216,0.0007730243542841951,0.000409756824328969
211,0.9845630853959093,0.012422646438768878,0.0002831104997217737,0.002130462035597668,0.0006006956299969967
212,7.857821714770877e-07,1.2611246921312315e-06,5.0492161822448886e-06,0.9999903304368128,2.5734401371029048e-06
213,0.9960643177369589,0.0021409126223969352,0.0011086265393149386,6.354184563456784e-05,0.0006226012556899431
214,0.021167226174304526,0.00010082147135484212,0.014157579897947197,0.6819215905243492,0.28265278193204796
215,0.004621136599282586,0.030179284227759704,0.0076471411302879815,0.9564886504348196,0.0010637876078469334
216,0.0227325098496989,1.1517099086167976e-05,0.9749528979918076,0.00013111824657516827,0.002171956812836905
217,0.010530857985573214,0.0008903989567288487,0.978956006054579,0.007963610388498549,0.0016591266146133174
218,0.27763696286078776,0.0020050529510544936,0.5348853280076089,0.15439079599716535,0.031081860183388776
219,0.9897080359906948,0.00600759543068933,0.0009207173061302653,0.00026978089727209783,0.003093870375214519
220,0.05616257061473561,0.0004785402471726124,0.9230863314833636,0.01615953803672878,0.004113019617999615
221,0.0013141931550175467,0.0003317617304495593,0.9972335829415379,0.000527477759883269,0.000592984413107103
222,0.00017567388849681727,0.00014245604398528526,6.645765508053687e-05,0.9995588232862175,5.658912622431974e-05
223,0.001614302844036051,0.00023323968141221408,0.0006161114040833976,0.9973995702808237,0.00013677578964118358
224,0.014290780802096054,0.9776947902335582,0.004026074988055901,0.0017621213800261479,0.00222623259626125
225,0.003035521899069998,0.0031021084776457803,0.9218869208946661,0.07122172272508827,0.0007537260035420858
226,0.9940335132665316,0.00357624207407309,0.0016737549318191743,9.365895122502188e-05,0.0006228307763490161
227,0.02704771011901515,0.7535274968792818,0.0017509936628196993,0.21733443629428084,0.00033936304460805973
228,0.0004644115133659527,0.002966134078078175,0.028737389161492932,0.9668182800155017,0.0010137852315742822
229,0.6640180058233458,2.761547557994189e-06,0.000889574900418741,0.33215701812930815,0.0029326395993740503
230,0.00044341945483505245,0.9994627075016757,4.009456296544054e-05,4.613164001319231e-05,7.646840515292142e-06
231,0.0027278911547310458,0.9971344139169777,3.6683983695534062e-06,0.00011677498962945783,1.725154029038257e-05
232,0.011810588677106998,0.002236221267465396,0.447484152422769,0.0026432150886773376,0.5358258225439809
233,0.057795061361152957,0.019983281773975778,0.008080604090575745,0.907708604861489,0.006432447912805216
234,0.03177014570303211,0.174833092227067,0.01274399750005376,0.7758909544306046,0.0047618101392366665
235,0.0017062897260122752,0.003293384732045741,0.0011788220030182278,0.9933379369966837,0.00048356654223535644
236,0.8599701211097149,0.003065815637862334,0.0450646334381359,0.030096049215876407,0.061803380598407405
237,8.235972262068264e-05,0.9975376642479097,8.328015701109888e-05,0.0022774273162721637,1.926855619304411e-05
238,0.04912372136492016,8.881307345720171e-05,0.001059043564689001,0.0007777172660110651,0.9489507047309245
239,0.02537550152533931,0.02526613456641385,0.20320518416049396,0.7314869564863685,0.014666223261379186
240,0.009139578021438177,0.9895921226628731,0.000485257661894938,0.0005669744495139156,0.00021606720427963438
241,0.00230193713276898,0.0026457412208113224,0.014090466997623874,0.00033151582465496346,0.980630338824137
242,0.15482392294969133,0.6891146182175257,0.0776462807491854,0.051014080505774495,0.02740109757782529
243,4.0996789477764824e-05,0.9999549980199839,1.7504062246785628e-07,3.481106427595005e-06,3.4904349349188783e-07
244,0.039875134672384016,0.02537944714366651,0.39464422487816636,0.5335915284378066,0.0065096648679800265
245,0.01360598970967516,0.06669051812177394,0.42475323444485197,0.492165445075139,0.002784812648562265
246,0.05548443148440732,0.0019874681563957722,0.17870515889271943,0.003010403053714993,0.7608125384127605
247,0.007353015966971863,0.2082607135953177,0.029552023020293805,0.7266085740002598,0.028225673417158204
248,0.7356911432894153,0.14046591471466063,0.0015167925823853991,0.012289087750078554,0.11003706166345681
249,0.0010153915517370922,0.997685672028144,2.576535253895645e-05,0.0009295445906186222,0.00034362647696455735
250,0.9993104278317746,0.00020568493056827321,0.00011231915256818358,0.00016270084533214995,0.00020886723976372103
251,0.0033024493247700627,0.00015590762402602763,0.0036572722474291003,1.6125348623488485e-05,0.9928682454551473
252,0.8486318960348099,0.035797273268895945,0.05482084848601371,0.008254138687591773,0.052495843522694555
253,0.5961409338658111,0.04265523878307248,0.0030684951853293904,0.34712301845337673,0.0110123137124053
254,0.0004350878657199378,0.0019407767134998655,0.028749874434142442,0.9674594248374436,0.0014148361491824301
255,0.0009124584425923551,7.856089457098495e-05,0.0008760794373486078,0.9977988745193876,0.0003340267061012598
256,0.018619135225830252,3.0239780198458867e-06,0.004389951633936205,0.9757243644690297,0.0012635246931899556
257,0.0030013515415723,0.9484629476860605,0.0003742097126433382,0.047470744584704204,0.0006907464750112485
258,0.0034384205592238957,1.2352775518164496e-05,0.001242830642098403,9.447885575885866e-05,0.9952119171673867
259,0.355134455352082,0.29898614560769615,0.26834575565790947,0.04531909999207611,0.03221454339023824
260,0.013214759099711463,0.000966257901779213,0.0075285935480547605,0.9732503929233822,0.005039996527072397
261,0.015323920713879025,0.0017435997528363382,0.9702135811519997,0.004408154146217537,0.00831074423507153
262,0.008193332044818655,0.0640255809382512,0.20525952028041514,0.05576214595126358,0.6667594207852505
263,0.7243088091534179,0.2028022573833875,0.010637760378583962,0.05486948607178731,0.007381687012823927
264,0.005759716604073374,0.00010872587093651095,0.0925586974618248,2.356668848932683e-05,0.9015492933746747
265,0.953659363787582,0.011010179832937369,0.003845796942831222,0.024713391053162486,0.006771268383475562
266,0.00018207542520972878,0.00020762448700207962,0.9830106906794711,9.746633859741293e-05,0.016502143069732633
267,0.9985678565669492,0.00012850743451709153,5.064958463865453e-05,0.0004018699076942969,0.0008511165061982005
268,0.7653380072654412,0.0299541615967964,0.09246309271061212,0.10134029550463816,0.010904442922509897
269,0.017990064537377615,0.002220605111163704,0.931283117968112,0.04376809344656445,0.004738118936775432
270,0.014814546718530282,0.0026379282483551644,0.01407389407245758,0.0023616952507389353,0.9661119357099192
271,0.30343445912418365,0.029563719228746788,0.06756385863113992,0.5796500751512319,0.01978788786469408
272,0.0002342843489879054,4.561234058117063e-06,0.0017027859490278846,0.9976153539323832,0.00044301453553766227
273,1.5156874779722506e-05,2.4656208690185015e-05,0.9825146352941209,2.2699213899558792e-05,0.017422852408506707
274,0.08430729776899476,0.46804647386349946,0.09918774165610597,0.23877990546529582,0.10967858124611092
275,0.32768660047132947,0.01626957170498012,0.6264502461346032,0.012983221330959962,0.016610360358133933
276,0.9885005489174062,0.0006340261635174019,0.0023729543180690525,0.00203367889628766,0.006458791704728964
277,0.00016423377992860058,0.9996613936364631,8.100412108033391e-05,6.433788274034041e-05,2.9030579780003322e-05
278,0.21850612015597395,0.7573006289507576,0.008384890025344581,0.014241954528950006,0.001566406338972669
279,0.011434567219211413,0.004310295675074132,0.0018061316298115498,0.98028144335507,0.002167562120827409
280,0.061944309651558664,0.002056723083099858,0.0062807131325981515,0.9090403176990054,0.02067793643374102
281,0.0008546776138352233,0.9982646449752178,0.00036076210039796163,0.0004646448866448199,5.527042390345643e-05
282,0.00040282666722866523,0.999469878119841,9.106848757794875e-07,0.00012327717215512388,3.107355908893198e-06
283,0.0006038920807641165,7.608560443719095e-07,0.9991882499289526,7.035073783001566e-05,0.00013674639640717044
284,0.8841251218533093,0.008617749679300775,0.06186175169696115,0.022704826190669155,0.022690550579761656
285,0.0003481052899180533,0.014290428446532584,1.9452139626711478e-05,0.9852621652517364,7.98488721756256e-05
286,9.233916484648305e-05,1.5564542838795306e-05,4.485533857709935e-05,0.9998403295096139,6.911444116316851e-06
287,0.019155225072519128,0.0007795178207669202,0.6879578598405619,0.0039271326215499155,0.2881802646446037
288,0.002323390139223371,0.0030245823568383467,0.994401634910899,0.00015040964157877126,9.998295145632981e-05
289,0.0003360420252096265,0.9975905223652414,2.596758425872383e-05,0.0019735583123602738,7.39097129298968e-05
290,0.025016870963297404,0.0002516225377454519,0.006545062576455726,0.9638199488867738,0.004366495035730027
291,0.15251082077873798,0.005816902039149562,0.8129150789716628,0.027982000386041726,0.0007751978244073735
292,9.879134476663487e-05,0.9996425734813762,6.219916800778697e-05,2.557551874603405e-05,0.00017086048710507305
293,0.21835521716766484,0.6413739802016101,0.09695583964938838,0.02521986421156296,0.01809509876977548
294,0.9808327424727743,0.0038425290155816687,0.00037526429270643834,0.004502402278946586,0.010447061939991231
295,0.034992376322079875,0.9610907828768722,0.00033174939939767834,0.0025591974462375504,0.0010258939554157688
296,0.006019117392814261,0.00023865325026585125,0.9458369818946327,0.014228172047766401,0.03367707541452637
297,0.0005045837074721581,0.00017334015608861422,0.005129958051599481,0.0073305733028369595,0.986861544781996
298,0.007903000068805476,0.002335042899151947,0.027610008004563088,0.9605823167288384,0.0015696322986531667
299,0.018571696819181555,0.03405122540950003,0.043401789386153945,0.7534337556744458,0.1505415327107134
300,0.0003065241852506574,0.9996824933872875,1.344006910327864e-06,8.895870190578141e-06,7.425503667038838e-07
301,0.04016370553401078,0.05281229515012742,0.05397786398402435,0.2471888879070823,0.605857247424763
302,0.002560730295303118,0.0018665053764245997,0.9927972534169368,0.001408161961821271,0.0013673489495200943
303,0.8410789253190607,0.008344636352225957,0.021775776306186878,0.0011364431708430422,0.12766421885167312
304,0.921256044270935,0.004018511222043506,0.04925308911108328,0.00868970966766168,0.016782645728275754
305,0.07665929119616821,0.018580716352428243,0.01977858412397499,0.015703832088178056,0.869277576239257
306,0.020396991920801168,0.00035044834490906366,0.007163211199187314,0.0008607346909809876,0.9712286138441264
307,2.9847591982085258e-06,0.9999954078087964,5.870743668430734e-07,9.187791884041286e-07,1.0157844361888489e-07
308,0.005894318031339528,0.003081072558629984,0.0019085894190745516,0.9890971856945396,1.8834296415895765e-05
309,0.7621278010214059,0.020657901073073203,0.024044978985793105,0.12495608819482693,0.06821323072489913
310,0.1255173300071236,0.11754155916883102,0.37216204527774055,0.3106727007830172,0.0741063647632986
311,0.04571861260383601,0.021964627744948978,0.23307797049707715,0.6438812165124866,0.05535757264165171
312,0.002612872346285542,7.333199390689325e-05,0.0016685654158239548,0.9927181210637441,0.0029271091802407635
313,1.0322142432169119e-07,5.364172523014574e-09,0.9999997338391963,2.1548893308475492e-08,1.360263120174225e-07
314,0.01889488543425493,6.411605613752247e-05,0.028252164800063612,0.0008710031855020766,0.95191783052403
315,0.020013635683977092,0.9641247545977868,0.013526734631050532,0.0021869846397932244,0.00014789044738890736
316,0.04401438299750636,0.919857258421686,0.022363513798467873,0.009637238223117944,0.004127606559216171
317,0.8164221085012777,0.11476590460187033,0.031771170460815255,0.010715380525564767,0.026325435910475235
318,0.01999623070761463,0.0006366138635033362,0.020779128634343783,0.9576634152868676,0.0009246115076738178
319,0.06949957452270791,0.0115618197887565,0.06991743923375367,0.05731260671561299,0.7917085597391678
320,0.0002967985252844169,0.00021344519194541354,6.268639059529922e-06,0.9994173566961216,6.613094759176171e-05
321,0.7650573862150689,0.00022283623624055825,0.02144009012239155,0.13095074983183877,0.08232893759446618
322,0.005853673802460698,0.07211569421541793,0.8210535943085628,0.00316302351148123,0.09781401416207178
323,0.05102627624978214,0.008728009779567562,0.7522058555867376,0.16677248237142922,0.021267376012490305
324,0.9730465109879721,0.014515931650682783,0.005135968047392006,0.00033568398755050093,0.006965905326403878
325,0.019143941307620305,0.04996196258955551,0.002805392246348474,0.9274564461197988,0.0006322577366804243
326,0.23285822606851636,0.016996441374259433,0.6418709041824746,0.04779884004755507,0.060475588327197384
327,0.8908389802811413,0.004704305679346009,0.02033603395119677,0.03376055714693854,0.05036012294137865
328,0.0022292314922492456,0.0059098187641674505,0.005777262347602551,0.9858299599434457,0.0002537274525329149
329,0.006782947774170232,0.0002898330601984002,0.0020580164132705035,0.9907842634494191,8.493930293573838e-05
330,4.5081225731889856e-05,0.9996867052917559,3.533500945167019e-05,0.00021776081128571412,1.5117661788657892e-05
331,0.07108248570294377,0.002463578652054208,0.0008613150321572102,0.9254086020172271,0.00018401859561108618
332,0.0006749795444743416,0.9992331648234395,3.8782766012161493e-05,4.217523184301708e-05,1.089763423022188e-05
333,0.6879936986152102,0.022582200604528244,0.039548376704059036,0.0965816413766176,0.1532940826995886
334,0.48437106157895454,0.1590731017428908,0.19425664334372125,0.1128997758789586,0.04939941745547759
335,0.0002346581508377265,0.9988422162052901,0.0003133612715557607,0.0005197125719589139,9.005180036034368e-05
336,1.5811222083651386e-06,3.202042560685936e-08,0.9999978943126281,1.8536460872644034e-07,3.071801150565827e-07
337,0.04561378073370563,0.11991607338083078,0.0046231520111480965,0.817989357707902,0.011857636166412467
338,0.008876051647667011,0.02445363962689752,0.0005818684742413139,0.9646030993851824,0.0014853408660092842
339,0.00018133355705402,4.910596970689752e-06,0.0024556702855887697,0.0001389706675337371,0.9972191148928474
340,0.00116090043569673,0.00054361312352236,0.0012191230258928138,0.9970317355892981,4.462782558544609e-05
341,0.9998882290988684,2.6527714574216803e-05,5.371232991212607e-05,2.8957800786072497e-05,2.573055860703328e-06
342,0.0038321693648146445,0.008531522542779647,0.009455836855894965,0.9761731296749477,0.002007341561559223
343,0.0010444692128730368,3.408506098633477e-05,0.996804579493327,0.0010640354335626225,0.0010528307992430026
344,2.255082144783301e-05,0.0001689101938113612,0.9991999368477748,8.253409245046251e-06,0.000600348727722409
345,0.003571484981087647,0.00023305782658557402,0.0011971849836168616,0.00013962812097206888,0.9948586440877315
346,0.16718083015814916,0.04964426551227894,0.7597668052835339,0.014013514919348019,0.009394584126694161
347,0.2540509884183679,0.014527891670597839,0.005636545611017578,0.7235581887474027,0.0022263855526080344
348,0.07145298753527578,0.008850062990502647,0.17299784063964949,0.24457816228641283,0.5021209465481532
349,0.0007639217486104181,0.0001062330239038926,0.9810688445478812,0.00034210729620422377,0.01771889338340554
350,0.00013737827864840108,0.9998383146144758,1.0558409800538116e-05,1.0790096795184688e-05,2.9586002812613736e-06
351,0.994770194595957,0.0004552848731104391,0.0010503076773730293,0.0032914390377537708,0.00043277381580752804
352,0.029796666319653525,0.0017064221452436441,0.026073524748348786,0.009872998376608143,0.9325503884101494
353,0.006249505598779418,0.0014815161366780484,0.016423024148880798,0.975081881459753,0.0007640726559106787
354,0.03338481904497273,0.035621506991161324,0.9144422463475558,0.014840786681278155,0.0017106409350341831
355,0.6788378721253141,0.19138737196724268,0.011956612030448139,0.02704474420060041,0.09077339967639766
356,0.06718578905754927,0.010721236087501366,0.010378542365593204,0.9043360344990311,0.0073783979903321185
357,0.02962860900588939,0.9469657798372992,0.0057092580134032195,0.01590612584673365,0.0017902272966797055
358,0.6480944931441287,0.24351921272629934,0.011130666375430063,0.0391164043109264,0.05813922344321713
359,0.6739095758662735,0.057779762065939426,0.17564052500470803,0.007802542091063451,0.0848675949720049
360,0.001995787029115693,1.1761657459966892e-05,0.0029862362392598703,0.00801543698328281,0.9869907780908875
361,0.01501302213877272,0.9050456453572298,0.06936657006940963,0.009314616539914734,0.001260145894671662
362,0.38754875260351074,0.008148208555525994,0.1452489520497556,0.41342794574195096,0.04562614104926316
363,0.013466991423823177,0.02803946322569419,0.624698317138582,0.3262070480745933,0.007588180137302013
364,0.40396295414107153,0.06398355604708093,0.45483529927485317,0.05805644836393169,0.019161742173062567
365,0.002950813498260782,4.870352786763517e-05,0.9924942025892394,0.0005530655459877081,0.003953214838650696
366,0.08808564168580425,0.00188105824702983,0.7689156168871886,0.02169875173042989,0.1194189314495507
367,0.05676947680066214,0.015305469744139414,0.07081193296579016,0.8450104065408767,0.012102713948533583
